GeographyCode,DC1117EW0251,DC1117EW0252,DC1117EW0253,DC1117EW0254,DC1117EW0255,DC1117EW0256,DC1117EW0257,DC1117EW0258,DC1117EW0259,DC1117EW0260,DC1117EW0261
E02000001,15,16,38,17,21,24,11,13,117,45,72
E02000002,12,27,47,12,35,30,17,13,245,85,160
E02000003,15,34,27,14,13,26,8,18,200,50,150
E02000004,8,15,40,13,27,35,12,23,184,47,137
E02000005,6,15,31,14,17,25,13,12,123,37,86
E02000007,11,23,52,14,38,33,10,23,221,55,166
E02000008,9,28,45,18,27,42,13,29,218,69,149
E02000009,4,15,19,4,15,20,6,14,120,43,77
E02000010,13,10,29,6,23,19,9,10,131,40,91
E02000011,4,18,28,16,12,20,6,14,128,42,86
E02000012,15,25,30,9,21,35,16,19,197,62,135
E02000013,12,19,33,13,20,22,10,12,126,35,91
E02000014,11,14,30,16,14,22,8,14,171,40,131
E02000015,11,7,23,10,13,22,5,17,107,20,87
E02000016,3,1,0,0,0,1,1,0,19,7,12
E02000017,13,10,21,13,8,21,9,12,70,23,47
E02000018,8,12,28,14,14,17,2,15,131,30,101
E02000019,10,16,31,14,17,25,11,14,98,29,69
E02000020,11,28,29,7,22,29,13,16,170,55,115
E02000021,10,25,30,11,19,21,12,9,110,32,78
E02000022,4,5,12,3,9,6,2,4,39,14,25
E02000023,2,10,11,4,7,10,5,5,58,24,34
E02000024,18,52,43,11,32,22,7,15,335,109,226
E02000025,12,27,34,16,18,35,18,17,175,55,120
E02000026,5,16,18,12,6,22,10,12,134,50,84
E02000027,8,28,28,12,16,28,15,13,160,53,107
E02000028,13,12,19,4,15,28,9,19,138,42,96
E02000029,10,14,31,15,16,25,10,15,138,45,93
E02000030,10,32,40,17,23,45,13,32,255,92,163
E02000031,16,23,48,19,29,44,13,31,261,73,188
E02000032,17,17,36,17,19,32,14,18,141,49,92
E02000033,17,25,25,12,13,30,12,18,182,59,123
E02000034,15,20,18,6,12,34,15,19,196,57,139
E02000035,14,29,37,8,29,39,12,27,238,84,154
E02000036,24,14,35,13,22,45,11,34,208,68,140
E02000037,22,13,35,10,25,35,14,21,227,86,141
E02000038,12,23,24,8,16,37,15,22,225,68,157
E02000039,9,12,17,11,6,24,9,15,131,48,83
E02000040,13,16,31,9,22,38,18,20,188,70,118
E02000041,18,23,31,14,17,35,13,22,200,72,128
E02000042,21,29,37,16,21,29,9,20,284,86,198
E02000043,17,21,37,16,21,29,11,18,149,60,89
E02000044,8,12,19,8,11,15,9,6,92,30,62
E02000045,7,14,25,9,16,20,9,11,97,35,62
E02000046,10,15,17,6,11,18,6,12,149,42,107
E02000047,14,23,27,9,18,21,7,14,190,47,143
E02000048,21,24,34,19,15,60,22,38,173,66,107
E02000049,5,7,6,2,4,5,2,3,55,16,39
E02000050,14,25,44,17,27,22,9,13,131,44,87
E02000051,18,28,55,27,28,42,12,30,267,90,177
E02000052,14,20,26,14,12,29,11,18,160,50,110
E02000053,8,14,18,10,8,12,5,7,74,28,46
E02000054,14,14,16,7,9,15,8,7,94,32,62
E02000055,24,27,42,17,25,35,13,22,317,102,215
E02000056,16,20,33,7,26,35,15,20,366,122,244
E02000057,11,14,21,9,12,23,11,12,139,56,83
E02000058,24,14,42,12,30,33,12,21,291,89,202
E02000059,15,23,23,12,11,21,6,15,123,41,82
E02000060,14,28,53,19,34,44,20,24,379,122,257
E02000061,33,19,38,18,20,36,11,25,261,75,186
E02000062,7,12,14,5,9,18,5,13,80,29,51
E02000063,5,17,17,8,9,24,13,11,145,44,101
E02000064,12,14,22,8,14,16,7,9,127,37,90
E02000065,3,7,7,3,4,6,1,5,20,3,17
E02000066,8,18,26,13,13,26,16,10,97,26,71
E02000067,9,14,25,6,19,20,4,16,132,35,97
E02000068,6,17,16,8,8,23,5,18,100,31,69
E02000069,11,26,35,11,24,28,10,18,129,43,86
E02000070,15,26,35,16,19,43,18,25,185,65,120
E02000071,16,15,21,8,13,24,10,14,120,30,90
E02000072,8,24,28,9,19,35,14,21,91,44,47
E02000073,16,25,47,22,25,47,18,29,224,73,151
E02000074,18,26,29,11,18,30,10,20,203,53,150
E02000075,23,24,43,21,22,51,21,30,197,69,128
E02000077,17,26,35,10,25,24,8,16,141,48,93
E02000078,10,14,39,13,26,30,15,15,114,43,71
E02000079,15,33,45,16,29,42,18,24,295,89,206
E02000080,21,32,48,16,32,49,15,34,188,69,119
E02000081,29,29,44,15,29,38,11,27,247,86,161
E02000082,20,29,34,17,17,46,16,30,168,54,114
E02000083,10,28,38,20,18,43,13,30,198,61,137
E02000084,34,33,57,25,32,48,23,25,238,95,143
E02000085,14,27,33,18,15,34,13,21,140,54,86
E02000086,18,25,36,15,21,23,8,15,101,40,61
E02000087,27,33,46,20,26,41,14,27,223,76,147
E02000088,16,27,38,14,24,25,11,14,162,59,103
E02000089,26,26,49,13,36,46,22,24,242,64,178
E02000090,25,34,72,24,48,58,16,42,425,111,314
E02000091,34,45,74,23,51,60,15,45,439,123,316
E02000092,11,25,37,18,19,33,17,16,129,39,90
E02000093,13,23,28,8,20,33,15,18,158,49,109
E02000094,10,12,14,7,7,18,6,12,120,28,92
E02000095,21,30,38,13,25,40,12,28,223,93,130
E02000096,17,14,34,13,21,37,16,21,172,56,116
E02000097,10,20,33,13,20,19,6,13,127,41,86
E02000098,15,23,22,11,11,24,11,13,129,43,86
E02000099,7,12,26,16,10,23,9,14,126,45,81
E02000100,15,17,22,7,15,30,14,16,125,50,75
E02000101,7,21,40,20,20,21,6,15,154,48,106
E02000102,12,10,21,7,14,16,9,7,60,22,38
E02000103,11,10,25,5,20,22,12,10,110,43,67
E02000104,16,15,32,8,24,26,10,16,172,57,115
E02000105,13,13,17,9,8,14,5,9,103,34,69
E02000106,8,13,27,8,19,11,5,6,91,28,63
E02000107,3,11,19,9,10,15,6,9,91,31,60
E02000108,6,8,19,8,11,16,5,11,78,27,51
E02000109,15,19,28,16,12,24,11,13,108,38,70
E02000110,8,15,22,11,11,10,7,3,66,27,39
E02000111,6,17,22,6,16,23,14,9,130,48,82
E02000112,18,18,20,6,14,19,7,12,95,35,60
E02000113,4,10,13,4,9,14,5,9,72,25,47
E02000114,5,13,15,2,13,15,5,10,69,21,48
E02000115,12,15,19,7,12,28,18,10,126,35,91
E02000116,7,9,5,1,4,11,3,8,55,16,39
E02000117,9,13,26,14,12,31,16,15,96,38,58
E02000118,9,13,12,4,8,23,7,16,74,30,44
E02000119,5,9,13,4,9,3,3,0,43,10,33
E02000120,5,6,7,3,4,20,7,13,77,25,52
E02000121,16,12,27,12,15,18,10,8,59,28,31
E02000122,15,19,22,9,13,29,11,18,139,50,89
E02000123,13,10,26,10,16,20,11,9,88,40,48
E02000124,8,20,27,13,14,17,7,10,91,44,47
E02000125,7,17,25,9,16,21,13,8,116,41,75
E02000126,5,19,14,4,10,14,5,9,52,20,32
E02000127,12,40,31,12,19,29,15,14,190,50,140
E02000128,12,18,36,16,20,27,7,20,148,45,103
E02000130,14,9,23,10,13,17,5,12,117,35,82
E02000131,6,4,9,4,5,19,9,10,74,23,51
E02000132,17,29,45,17,28,34,12,22,245,62,183
E02000133,21,48,62,27,35,65,28,37,390,126,264
E02000134,14,33,38,13,25,43,8,35,275,72,203
E02000135,5,16,22,6,16,20,5,15,128,31,97
E02000136,11,20,40,11,29,33,8,25,327,93,234
E02000137,20,33,60,24,36,46,18,28,263,86,177
E02000138,30,45,60,26,34,48,24,24,312,103,209
E02000139,9,15,23,11,12,18,3,15,88,26,62
E02000140,12,12,25,8,17,25,11,14,203,67,136
E02000141,7,17,20,6,14,19,4,15,89,27,62
E02000142,14,15,37,12,25,27,5,22,267,82,185
E02000144,15,19,31,14,17,26,10,16,136,42,94
E02000145,14,22,17,5,12,16,6,10,118,44,74
E02000146,21,22,46,14,32,34,12,22,253,57,196
E02000147,16,33,41,18,23,52,18,34,253,85,168
E02000148,21,39,52,17,35,38,13,25,178,67,111
E02000149,11,19,28,8,20,30,16,14,170,54,116
E02000150,20,30,43,15,28,33,19,14,172,61,111
E02000151,15,29,42,12,30,49,22,27,196,77,119
E02000152,12,25,22,9,13,28,7,21,148,40,108
E02000153,15,26,33,13,20,32,13,19,193,65,128
E02000154,16,37,42,18,24,31,16,15,207,62,145
E02000155,25,38,47,19,28,44,20,24,182,76,106
E02000156,41,43,93,38,55,53,19,34,439,130,309
E02000157,33,57,55,22,33,48,20,28,252,104,148
E02000158,19,26,46,20,26,39,19,20,205,79,126
E02000159,27,32,40,20,20,32,17,15,179,66,113
E02000160,10,26,42,21,21,34,8,26,241,65,176
E02000161,19,25,57,22,35,40,23,17,204,86,118
E02000162,14,32,44,22,22,45,10,35,220,71,149
E02000163,25,33,38,20,18,43,20,23,178,73,105
E02000165,8,9,11,5,6,12,5,7,62,21,41
E02000166,13,11,34,12,22,30,11,19,143,44,99
E02000167,13,23,36,14,22,37,21,16,192,61,131
E02000168,17,15,20,6,14,26,11,15,120,45,75
E02000169,16,24,33,10,23,37,15,22,205,61,144
E02000170,8,15,13,4,9,12,5,7,101,36,65
E02000171,23,12,23,6,17,18,8,10,126,48,78
E02000172,13,20,24,7,17,40,16,24,142,37,105
E02000173,17,12,16,10,6,24,10,14,142,48,94
E02000174,7,14,21,11,10,15,9,6,91,22,69
E02000175,14,11,9,6,3,8,2,6,78,24,54
E02000176,10,11,18,6,12,14,7,7,93,34,59
E02000177,9,17,32,10,22,26,4,22,138,45,93
E02000178,14,8,14,6,8,22,6,16,81,34,47
E02000179,7,13,23,9,14,17,9,8,99,36,63
E02000180,11,7,13,6,7,19,12,7,67,19,48
E02000181,7,12,21,8,13,18,5,13,112,32,80
E02000182,10,16,27,8,19,32,11,21,213,86,127
E02000183,10,17,23,8,15,11,7,4,109,44,65
E02000184,9,7,20,10,10,15,6,9,73,24,49
E02000185,14,21,21,5,16,29,15,14,163,48,115
E02000186,10,9,17,8,9,9,4,5,78,32,46
E02000187,6,18,31,15,16,14,3,11,97,32,65
E02000188,10,13,19,7,12,23,7,16,123,47,76
E02000189,4,8,7,1,6,3,2,1,58,20,38
E02000190,22,14,20,2,18,15,8,7,79,20,59
E02000191,6,8,12,8,4,12,3,9,55,16,39
E02000192,4,17,19,5,14,12,4,8,79,14,65
E02000193,9,6,18,7,11,19,9,10,86,34,52
E02000194,17,10,19,12,7,24,8,16,152,41,111
E02000195,15,17,25,14,11,35,14,21,150,57,93
E02000196,11,19,25,8,17,21,9,12,97,38,59
E02000197,13,16,27,9,18,41,17,24,133,45,88
E02000198,8,6,14,6,8,11,4,7,65,23,42
E02000199,9,16,15,8,7,12,8,4,66,24,42
E02000200,13,20,16,7,9,23,10,13,122,49,73
E02000201,11,11,14,8,6,23,10,13,81,29,52
E02000202,7,10,27,11,16,22,8,14,96,32,64
E02000203,5,5,11,8,3,19,9,10,77,25,52
E02000204,7,14,26,14,12,19,11,8,68,30,38
E02000206,8,20,20,5,15,32,16,16,132,51,81
E02000207,2,12,17,7,10,15,7,8,72,23,49
E02000208,2,10,17,6,11,14,5,9,105,29,76
E02000209,6,8,14,8,6,18,5,13,60,19,41
E02000210,6,13,24,8,16,15,6,9,71,27,44
E02000211,13,26,45,21,24,43,20,23,166,64,102
E02000212,4,10,9,3,6,14,3,11,65,24,41
E02000213,8,12,20,8,12,14,4,10,75,20,55
E02000214,16,13,34,12,22,31,13,18,126,50,76
E02000215,11,22,27,10,17,31,11,20,176,46,130
E02000216,20,24,45,16,29,30,14,16,233,74,159
E02000217,6,13,20,8,12,18,10,8,82,27,55
E02000218,13,12,23,8,15,16,8,8,97,42,55
E02000219,19,24,43,17,26,51,17,34,268,79,189
E02000220,9,35,31,10,21,30,13,17,207,40,167
E02000221,11,20,33,13,20,33,10,23,174,50,124
E02000222,7,23,25,8,17,15,10,5,103,31,72
E02000223,9,11,14,6,8,15,3,12,53,25,28
E02000224,6,15,18,5,13,18,8,10,91,27,64
E02000225,12,15,17,6,11,18,7,11,95,38,57
E02000226,20,19,52,25,27,38,16,22,172,53,119
E02000227,17,21,44,22,22,31,9,22,197,61,136
E02000228,10,24,54,25,29,45,19,26,250,93,157
E02000229,16,23,27,7,20,31,12,19,144,42,102
E02000230,19,30,52,16,36,43,24,19,312,88,224
E02000231,11,14,19,7,12,29,16,13,199,80,119
E02000232,21,23,44,18,26,24,7,17,142,63,79
E02000233,16,12,25,11,14,19,8,11,185,64,121
E02000234,12,21,27,9,18,19,8,11,149,43,106
E02000235,13,11,27,9,18,26,13,13,145,55,90
E02000236,14,15,17,7,10,29,11,18,106,39,67
E02000237,27,25,57,30,27,47,15,32,276,94,182
E02000238,12,10,11,5,6,21,5,16,82,25,57
E02000239,9,20,31,12,19,24,10,14,139,46,93
E02000240,16,17,30,13,17,20,9,11,157,58,99
E02000241,12,12,19,9,10,14,8,6,72,26,46
E02000242,7,4,19,8,11,12,6,6,76,34,42
E02000243,8,16,29,10,19,21,9,12,105,46,59
E02000244,10,5,17,8,9,13,5,8,93,31,62
E02000245,7,6,12,3,9,16,7,9,98,41,57
E02000246,10,18,29,12,17,20,7,13,122,36,86
E02000247,23,21,22,8,14,28,6,22,205,59,146
E02000248,7,13,27,16,11,19,7,12,117,49,68
E02000249,18,18,25,11,14,20,9,11,125,44,81
E02000250,10,13,30,16,14,22,9,13,155,44,111
E02000251,11,9,27,13,14,16,11,5,62,15,47
E02000252,8,6,14,5,9,21,6,15,88,33,55
E02000253,13,18,39,10,29,33,12,21,147,53,94
E02000254,8,12,25,16,9,18,7,11,111,40,71
E02000255,4,19,38,18,20,27,13,14,167,56,111
E02000256,15,19,29,10,19,24,9,15,206,49,157
E02000257,25,24,43,10,33,41,19,22,270,75,195
E02000258,10,6,15,4,11,11,2,9,108,44,64
E02000259,9,8,13,3,10,11,4,7,63,24,39
E02000260,10,18,23,13,10,14,5,9,92,38,54
E02000261,9,15,26,8,18,21,10,11,149,51,98
E02000262,14,14,19,7,12,29,12,17,150,38,112
E02000263,10,22,29,17,12,28,13,15,95,46,49
E02000264,13,21,30,9,21,20,4,16,162,60,102
E02000265,6,15,17,5,12,20,8,12,127,56,71
E02000266,11,14,29,7,22,31,19,12,131,52,79
E02000267,5,15,19,6,13,14,6,8,78,29,49
E02000268,19,8,22,9,13,33,15,18,126,47,79
E02000269,5,20,24,10,14,13,8,5,132,42,90
E02000270,9,16,17,5,12,13,3,10,68,25,43
E02000271,11,10,12,5,7,18,8,10,95,30,65
E02000272,10,16,22,11,11,26,8,18,118,38,80
E02000274,9,14,14,8,6,12,8,4,89,34,55
E02000275,9,9,29,17,12,22,9,13,135,49,86
E02000276,4,2,12,5,7,17,8,9,86,29,57
E02000277,16,15,20,9,11,21,14,7,119,26,93
E02000278,16,13,25,11,14,25,8,17,175,52,123
E02000279,8,12,11,6,5,12,5,7,57,22,35
E02000280,6,22,31,16,15,23,14,9,180,48,132
E02000281,14,16,31,14,17,22,9,13,177,44,133
E02000282,10,5,15,8,7,10,6,4,65,17,48
E02000283,11,18,16,10,6,13,3,10,83,37,46
E02000284,9,16,31,13,18,36,15,21,168,48,120
E02000285,11,14,28,15,13,20,9,11,102,34,68
E02000286,27,22,47,17,30,39,11,28,279,85,194
E02000287,20,26,23,9,14,41,15,26,249,79,170
E02000288,15,11,32,19,13,20,5,15,129,37,92
E02000289,18,18,36,19,17,28,12,16,156,53,103
E02000290,6,5,18,7,11,11,2,9,55,21,34
E02000291,15,24,33,12,21,20,8,12,230,57,173
E02000292,21,19,20,9,11,36,10,26,138,48,90
E02000293,20,31,41,20,21,38,20,18,217,82,135
E02000294,12,8,23,7,16,16,6,10,145,44,101
E02000295,14,22,32,10,22,33,13,20,249,69,180
E02000296,12,20,52,23,29,47,17,30,282,90,192
E02000297,16,25,50,21,29,45,18,27,241,78,163
E02000298,21,13,31,13,18,48,17,31,186,58,128
E02000299,7,14,24,6,18,22,8,14,128,45,83
E02000300,11,12,15,7,8,13,4,9,87,31,56
E02000301,11,12,21,9,12,18,5,13,90,34,56
E02000302,16,21,22,8,14,27,12,15,152,46,106
E02000303,7,12,19,6,13,22,7,15,91,26,65
E02000304,15,28,41,16,25,31,11,20,191,64,127
E02000305,11,24,37,13,24,24,13,11,172,46,126
E02000306,5,12,16,5,11,15,6,9,74,25,49
E02000307,11,13,22,9,13,21,14,7,99,44,55
E02000308,11,18,22,12,10,25,8,17,97,33,64
E02000309,8,14,21,8,13,19,6,13,90,20,70
E02000311,21,20,39,16,23,25,12,13,99,36,63
E02000312,11,13,31,9,22,30,8,22,155,46,109
E02000313,1,4,7,3,4,4,1,3,29,17,12
E02000314,1,9,9,2,7,9,1,8,96,29,67
E02000315,17,21,20,5,15,31,12,19,144,39,105
E02000316,4,10,12,7,5,20,5,15,81,22,59
E02000317,6,4,11,3,8,15,3,12,89,21,68
E02000318,15,11,26,11,15,17,7,10,75,26,49
E02000319,5,9,22,5,17,16,6,10,119,28,91
E02000320,9,13,9,2,7,17,3,14,85,23,62
E02000321,3,10,17,5,12,12,3,9,79,26,53
E02000323,4,13,13,5,8,15,7,8,76,25,51
E02000324,14,18,30,10,20,23,6,17,155,47,108
E02000326,10,7,18,10,8,16,3,13,54,15,39
E02000327,2,3,6,2,4,16,6,10,25,10,15
E02000328,10,18,30,12,18,25,12,13,182,54,128
E02000329,10,13,15,5,10,21,7,14,104,35,69
E02000331,13,19,20,6,14,28,11,17,144,46,98
E02000332,10,11,24,13,11,14,7,7,100,32,68
E02000333,16,15,27,11,16,25,8,17,185,62,123
E02000334,9,13,20,4,16,17,8,9,134,50,84
E02000335,16,18,28,12,16,16,5,11,121,45,76
E02000337,12,19,21,7,14,23,6,17,120,38,82
E02000339,7,20,29,17,12,36,15,21,162,51,111
E02000340,17,22,37,16,21,48,17,31,209,64,145
E02000341,10,8,18,5,13,16,9,7,123,35,88
E02000342,7,17,33,16,17,22,6,16,109,42,67
E02000343,12,18,31,14,17,23,6,17,180,55,125
E02000344,16,20,34,17,17,33,13,20,183,63,120
E02000345,3,5,15,9,6,11,5,6,79,39,40
E02000346,8,13,14,7,7,16,8,8,64,18,46
E02000347,11,8,15,4,11,15,7,8,126,36,90
E02000348,6,6,15,6,9,12,4,8,58,24,34
E02000350,4,6,11,2,9,7,5,2,31,12,19
E02000351,7,4,11,2,9,8,5,3,60,26,34
E02000352,4,8,20,9,11,22,4,18,127,39,88
E02000353,7,12,11,2,9,8,4,4,52,18,34
E02000354,12,13,17,6,11,17,7,10,61,26,35
E02000355,8,11,25,8,17,18,6,12,95,28,67
E02000356,3,8,9,3,6,9,3,6,51,23,28
E02000357,12,4,10,2,8,12,6,6,58,24,34
E02000358,15,8,27,8,19,14,8,6,80,37,43
E02000359,5,9,8,2,6,12,4,8,31,13,18
E02000360,12,11,12,2,10,18,9,9,79,37,42
E02000361,6,5,12,5,7,12,7,5,44,19,25
E02000362,5,7,13,8,5,15,9,6,60,21,39
E02000363,11,12,18,5,13,16,8,8,98,30,68
E02000364,2,9,14,5,9,17,7,10,44,13,31
E02000365,14,19,31,12,19,19,12,7,111,42,69
E02000366,7,21,19,10,9,19,9,10,102,32,70
E02000367,4,5,8,4,4,9,6,3,35,10,25
E02000368,17,11,9,5,4,14,4,10,83,26,57
E02000369,15,12,15,4,11,16,2,14,81,21,60
E02000370,8,9,19,5,14,19,6,13,88,30,58
E02000371,6,6,15,7,8,9,3,6,59,15,44
E02000372,5,8,22,6,16,24,11,13,89,32,57
E02000373,10,11,9,5,4,19,4,15,49,18,31
E02000374,5,16,16,7,9,15,7,8,72,22,50
E02000375,7,7,22,13,9,14,6,8,65,19,46
E02000376,8,7,10,5,5,13,6,7,46,20,26
E02000377,9,11,17,8,9,14,7,7,107,36,71
E02000378,7,12,13,6,7,11,6,5,50,12,38
E02000379,7,19,25,11,14,11,8,3,138,35,103
E02000380,4,6,8,2,6,10,3,7,46,16,30
E02000381,3,10,9,3,6,12,4,8,57,15,42
E02000382,7,7,19,9,10,16,8,8,68,22,46
E02000383,13,19,25,9,16,18,10,8,165,46,119
E02000384,10,16,20,8,12,21,8,13,138,46,92
E02000385,3,8,7,1,6,2,1,1,44,16,28
E02000386,2,6,7,2,5,16,6,10,55,19,36
E02000387,3,2,11,4,7,14,7,7,54,19,35
E02000388,8,23,31,11,20,17,10,7,115,25,90
E02000389,8,16,20,9,11,27,11,16,84,23,61
E02000390,5,12,11,6,5,11,7,4,56,20,36
E02000391,6,12,26,7,19,16,6,10,99,35,64
E02000392,5,11,16,5,11,12,2,10,82,30,52
E02000393,2,12,13,8,5,11,4,7,65,23,42
E02000394,3,9,12,3,9,6,2,4,65,17,48
E02000395,4,25,23,7,16,27,12,15,140,55,85
E02000396,9,11,6,3,3,8,1,7,62,22,40
E02000397,2,9,8,4,4,12,6,6,80,17,63
E02000398,6,8,9,2,7,8,4,4,60,27,33
E02000400,12,9,12,6,6,16,7,9,81,27,54
E02000401,6,10,9,1,8,10,3,7,65,17,48
E02000402,7,6,8,3,5,11,3,8,60,21,39
E02000403,6,10,13,5,8,12,3,9,63,26,37
E02000404,7,7,18,11,7,9,2,7,62,18,44
E02000405,4,8,17,4,13,9,4,5,53,26,27
E02000406,4,8,11,5,6,13,6,7,62,26,36
E02000407,2,8,17,7,10,10,5,5,57,25,32
E02000408,5,12,14,3,11,12,7,5,55,20,35
E02000409,9,9,11,2,9,11,5,6,44,17,27
E02000410,7,8,9,4,5,15,4,11,122,25,97
E02000411,6,3,5,3,2,12,6,6,39,15,24
E02000412,9,12,11,4,7,6,3,3,52,19,33
E02000413,9,17,14,5,9,20,4,16,169,44,125
E02000414,7,6,13,6,7,17,6,11,49,17,32
E02000415,6,10,16,6,10,11,3,8,55,20,35
E02000416,6,9,13,3,10,10,2,8,62,21,41
E02000417,7,8,22,6,16,18,6,12,103,33,70
E02000418,7,9,12,2,10,16,7,9,83,29,54
E02000419,7,11,14,3,11,17,3,14,44,17,27
E02000420,10,10,16,5,11,8,3,5,60,15,45
E02000421,6,4,10,5,5,4,2,2,43,16,27
E02000422,8,6,9,7,2,5,2,3,65,25,40
E02000423,3,9,20,8,12,19,5,14,70,28,42
E02000424,4,6,14,7,7,8,3,5,59,21,38
E02000425,5,7,7,2,5,15,9,6,35,11,24
E02000426,15,18,26,13,13,26,11,15,166,51,115
E02000427,5,16,8,2,6,9,4,5,43,18,25
E02000428,9,7,9,3,6,14,4,10,54,17,37
E02000429,6,13,15,8,7,14,4,10,76,19,57
E02000430,3,8,8,4,4,7,4,3,48,21,27
E02000431,9,6,9,3,6,13,4,9,83,31,52
E02000432,1,8,10,4,6,7,0,7,46,27,19
E02000433,29,35,75,31,44,77,32,45,471,140,331
E02000434,13,26,45,15,30,42,10,32,297,113,184
E02000435,21,22,46,26,20,42,18,24,197,89,108
E02000436,16,16,20,9,11,28,10,18,177,64,113
E02000437,19,33,38,10,28,39,12,27,184,58,126
E02000438,22,33,38,14,24,39,15,24,262,74,188
E02000439,7,25,19,8,11,17,6,11,120,47,73
E02000440,15,20,22,8,14,25,12,13,151,55,96
E02000441,17,10,38,15,23,34,16,18,169,53,116
E02000442,6,10,20,3,17,19,7,12,84,33,51
E02000443,10,12,21,7,14,13,2,11,139,48,91
E02000444,12,18,29,14,15,17,8,9,114,40,74
E02000445,7,18,28,9,19,20,5,15,118,47,71
E02000447,13,15,31,9,22,17,8,9,122,49,73
E02000448,20,24,46,19,27,32,10,22,243,90,153
E02000449,13,18,32,12,20,13,9,4,95,30,65
E02000451,18,25,42,11,31,30,15,15,137,57,80
E02000452,9,6,24,7,17,14,10,4,89,31,58
E02000453,8,21,17,10,7,14,5,9,103,35,68
E02000454,6,19,29,11,18,28,15,13,133,47,86
E02000455,6,16,31,15,16,29,13,16,133,41,92
E02000456,13,13,25,9,16,25,6,19,111,48,63
E02000457,9,10,18,7,11,23,13,10,87,32,55
E02000459,5,16,25,5,20,21,11,10,126,36,90
E02000460,5,15,7,3,4,10,3,7,70,25,45
E02000461,8,10,23,11,12,15,7,8,126,47,79
E02000462,7,13,22,10,12,24,7,17,113,43,70
E02000463,11,14,12,6,6,22,9,13,99,41,58
E02000464,8,23,38,12,26,35,11,24,241,69,172
E02000465,6,21,30,15,15,32,11,21,215,64,151
E02000466,9,16,35,9,26,35,14,21,157,57,100
E02000467,9,26,42,14,28,34,3,31,245,77,168
E02000468,14,27,49,16,33,31,13,18,185,63,122
E02000469,18,18,35,15,20,27,7,20,176,53,123
E02000470,21,33,52,21,31,43,14,29,232,87,145
E02000471,21,29,62,31,31,43,13,30,204,80,124
E02000472,25,34,36,16,20,31,14,17,194,59,135
E02000473,26,24,46,18,28,40,16,24,233,78,155
E02000474,24,26,40,11,29,27,10,17,209,61,148
E02000475,27,39,62,23,39,45,16,29,284,84,200
E02000476,17,32,36,13,23,26,11,15,230,59,171
E02000477,23,21,49,22,27,33,16,17,188,66,122
E02000478,29,29,30,14,16,34,15,19,131,51,80
E02000479,14,15,20,2,18,35,10,25,168,32,136
E02000480,16,16,43,16,27,36,11,25,185,40,145
E02000481,37,67,66,28,38,56,20,36,322,131,191
E02000482,27,38,61,22,39,54,20,34,234,87,147
E02000483,18,39,51,24,27,51,13,38,303,74,229
E02000484,19,13,37,15,22,35,12,23,150,41,109
E02000485,21,36,36,17,19,39,11,28,243,77,166
E02000486,31,32,42,18,24,45,16,29,192,64,128
E02000487,17,33,47,19,28,37,14,23,251,77,174
E02000488,27,31,45,21,24,39,14,25,168,52,116
E02000489,16,28,37,5,32,39,13,26,168,45,123
E02000490,14,32,56,25,31,50,17,33,194,70,124
E02000491,21,31,45,19,26,32,12,20,152,45,107
E02000492,14,20,32,11,21,29,14,15,112,43,69
E02000493,13,25,18,6,12,11,3,8,90,25,65
E02000494,21,24,45,18,27,35,15,20,195,73,122
E02000495,22,25,43,20,23,51,22,29,257,80,177
E02000496,17,17,44,18,26,26,9,17,182,51,131
E02000497,14,23,46,13,33,30,10,20,223,66,157
E02000498,13,16,31,15,16,26,15,11,146,53,93
E02000499,22,26,37,11,26,57,22,35,203,76,127
E02000500,27,26,39,17,22,38,15,23,225,99,126
E02000501,7,29,38,12,26,30,9,21,186,63,123
E02000502,13,37,32,7,25,38,18,20,232,74,158
E02000503,15,12,29,12,17,35,14,21,117,45,72
E02000504,30,32,52,20,32,41,11,30,239,95,144
E02000506,18,27,34,15,19,37,9,28,211,63,148
E02000507,9,11,27,13,14,27,16,11,85,30,55
E02000508,13,10,19,10,9,16,5,11,130,39,91
E02000509,10,6,24,10,14,17,7,10,97,35,62
E02000510,15,24,31,12,19,34,9,25,146,51,95
E02000511,21,17,27,9,18,27,11,16,153,61,92
E02000512,16,16,18,3,15,17,11,6,121,42,79
E02000513,8,14,18,7,11,17,5,12,107,42,65
E02000514,11,12,22,12,10,19,9,10,84,31,53
E02000515,12,22,34,16,18,19,8,11,138,55,83
E02000516,3,6,10,6,4,13,4,9,41,18,23
E02000517,7,15,16,4,12,14,6,8,106,38,68
E02000518,10,16,12,1,11,26,6,20,138,36,102
E02000519,11,14,21,9,12,19,10,9,117,46,71
E02000520,13,12,31,10,21,13,2,11,124,41,83
E02000521,6,13,19,7,12,20,4,16,132,46,86
E02000522,13,21,36,16,20,30,12,18,139,43,96
E02000523,7,4,14,7,7,13,7,6,90,41,49
E02000524,15,21,20,9,11,21,11,10,116,44,72
E02000525,12,9,20,7,13,16,7,9,68,26,42
E02000526,7,17,20,7,13,23,16,7,142,35,107
E02000528,13,13,25,7,18,32,7,25,124,40,84
E02000529,11,10,18,7,11,20,10,10,75,28,47
E02000530,6,7,14,4,10,10,5,5,84,28,56
E02000531,16,17,28,13,15,21,8,13,153,46,107
E02000532,8,14,23,7,16,26,12,14,125,42,83
E02000533,7,10,20,15,5,28,16,12,120,37,83
E02000534,10,12,27,16,11,27,11,16,90,35,55
E02000535,14,12,19,9,10,31,10,21,123,51,72
E02000536,8,15,28,12,16,26,9,17,142,46,96
E02000537,13,10,21,14,7,24,9,15,89,35,54
E02000538,7,5,10,2,8,17,7,10,88,29,59
E02000539,5,29,21,9,12,19,11,8,125,37,88
E02000540,15,23,31,10,21,33,11,22,134,31,103
E02000541,11,9,24,5,19,14,8,6,69,24,45
E02000542,7,15,24,13,11,10,1,9,138,40,98
E02000543,11,22,13,7,6,18,7,11,77,19,58
E02000544,12,18,27,14,13,15,9,6,139,56,83
E02000545,5,10,27,15,12,14,7,7,107,29,78
E02000546,8,10,17,4,13,14,8,6,77,28,49
E02000547,9,14,14,6,8,24,9,15,153,57,96
E02000548,17,13,30,13,17,26,11,15,150,53,97
E02000549,26,25,42,13,29,41,17,24,197,62,135
E02000550,4,6,12,7,5,10,4,6,55,17,38
E02000551,5,15,15,8,7,19,3,16,112,35,77
E02000552,12,14,20,8,12,20,13,7,90,33,57
E02000553,8,16,20,5,15,24,7,17,90,35,55
E02000554,9,10,16,8,8,25,12,13,57,21,36
E02000555,14,13,10,2,8,16,8,8,108,32,76
E02000556,5,8,20,10,10,12,6,6,78,21,57
E02000557,4,18,19,8,11,20,7,13,117,39,78
E02000558,9,12,21,8,13,16,1,15,126,34,92
E02000559,13,8,16,7,9,3,2,1,48,21,27
E02000560,3,5,17,7,10,13,4,9,72,23,49
E02000561,7,6,14,7,7,12,5,7,49,24,25
E02000562,9,9,23,8,15,28,9,19,132,45,87
E02000563,14,16,20,4,16,15,7,8,107,36,71
E02000564,3,7,12,6,6,14,3,11,53,22,31
E02000565,9,14,11,5,6,16,7,9,103,39,64
E02000566,4,6,19,6,13,13,4,9,67,28,39
E02000567,15,12,19,9,10,15,5,10,113,40,73
E02000568,15,8,27,8,19,24,11,13,108,44,64
E02000569,18,17,34,13,21,18,7,11,138,63,75
E02000570,2,5,14,6,8,9,6,3,43,12,31
E02000571,12,15,18,10,8,23,9,14,90,35,55
E02000572,12,12,18,2,16,21,11,10,103,40,63
E02000573,8,16,10,5,5,21,7,14,72,26,46
E02000574,11,15,27,13,14,17,7,10,105,27,78
E02000575,19,18,30,11,19,23,8,15,126,49,77
E02000576,16,16,29,7,22,27,13,14,116,38,78
E02000577,2,15,15,8,7,12,4,8,62,25,37
E02000578,8,11,19,8,11,22,9,13,96,25,71
E02000579,8,19,23,10,13,20,8,12,91,33,58
E02000580,10,13,15,7,8,10,4,6,69,27,42
E02000581,7,19,21,10,11,22,4,18,109,41,68
E02000582,5,16,21,5,16,24,8,16,143,47,96
E02000583,5,10,18,5,13,14,7,7,79,30,49
E02000584,13,7,31,18,13,19,9,10,127,45,82
E02000585,16,17,15,2,13,15,7,8,119,45,74
E02000586,9,6,18,11,7,18,4,14,93,29,64
E02000587,6,13,29,12,17,25,13,12,162,56,106
E02000588,17,11,23,11,12,16,5,11,110,47,63
E02000589,3,13,16,7,9,22,6,16,82,27,55
E02000590,11,19,30,5,25,31,15,16,143,43,100
E02000591,6,12,5,0,5,16,5,11,79,30,49
E02000592,5,6,21,9,12,13,7,6,108,33,75
E02000593,5,12,20,6,14,10,4,6,80,23,57
E02000594,28,19,39,20,19,39,26,13,289,141,148
E02000595,10,19,30,13,17,28,9,19,193,53,140
E02000596,13,6,14,8,6,16,9,7,116,41,75
E02000597,8,18,14,4,10,14,6,8,117,27,90
E02000598,15,22,27,9,18,38,12,26,152,50,102
E02000599,13,17,37,16,21,37,15,22,212,72,140
E02000600,11,12,20,5,15,26,7,19,152,36,116
E02000601,11,10,24,9,15,10,6,4,165,49,116
E02000602,14,18,17,8,9,17,3,14,150,35,115
E02000603,10,11,22,13,9,19,8,11,106,34,72
E02000604,15,20,32,12,20,28,12,16,174,54,120
E02000605,11,28,31,15,16,30,6,24,213,71,142
E02000606,7,18,34,16,18,20,11,9,173,49,124
E02000607,8,13,20,9,11,25,7,18,116,32,84
E02000608,6,13,18,5,13,11,3,8,125,33,92
E02000609,14,23,40,14,26,31,9,22,192,75,117
E02000610,17,18,41,12,29,33,9,24,274,69,205
E02000611,26,17,34,15,19,21,10,11,168,66,102
E02000612,21,18,37,15,22,24,7,17,229,85,144
E02000613,15,17,18,9,9,20,10,10,220,57,163
E02000614,10,18,22,12,10,25,9,16,114,31,83
E02000615,15,20,40,22,18,17,8,9,153,49,104
E02000616,9,13,20,9,11,21,8,13,82,34,48
E02000617,7,28,34,14,20,26,7,19,172,45,127
E02000619,5,15,17,6,11,14,3,11,88,40,48
E02000620,9,18,13,2,11,13,4,9,69,28,41
E02000621,5,8,26,9,17,28,14,14,115,33,82
E02000622,6,4,11,4,7,13,4,9,40,14,26
E02000623,8,16,21,8,13,10,5,5,68,23,45
E02000624,4,8,7,3,4,11,3,8,64,15,49
E02000625,7,14,15,4,11,14,6,8,69,14,55
E02000626,3,6,5,2,3,10,5,5,43,15,28
E02000627,13,12,10,4,6,18,6,12,64,28,36
E02000628,8,13,8,1,7,15,5,10,63,27,36
E02000629,2,15,10,3,7,15,9,6,58,22,36
E02000630,4,7,9,1,8,13,5,8,67,25,42
E02000631,7,9,22,9,13,26,12,14,92,35,57
E02000632,6,9,14,6,8,16,6,10,50,21,29
E02000633,12,11,10,6,4,12,3,9,55,28,27
E02000634,6,15,21,11,10,19,10,9,96,30,66
E02000635,5,10,10,4,6,9,5,4,46,18,28
E02000636,4,5,13,7,6,7,6,1,50,20,30
E02000637,5,7,8,3,5,12,7,5,62,22,40
E02000638,4,8,28,8,20,17,6,11,119,36,83
E02000639,6,7,10,6,4,9,4,5,49,14,35
E02000640,12,21,19,4,15,23,14,9,99,41,58
E02000641,6,16,17,5,12,12,7,5,102,27,75
E02000642,14,20,22,3,19,17,4,13,110,40,70
E02000643,9,19,21,9,12,13,3,10,82,24,58
E02000644,5,14,15,8,7,18,5,13,119,39,80
E02000645,6,7,15,7,8,11,1,10,79,19,60
E02000646,8,11,16,5,11,19,10,9,114,31,83
E02000647,6,20,26,8,18,20,4,16,122,43,79
E02000648,6,10,18,10,8,18,7,11,113,43,70
E02000649,7,7,16,4,12,12,6,6,112,39,73
E02000650,4,14,18,8,10,11,5,6,56,17,39
E02000651,8,15,20,7,13,22,10,12,109,36,73
E02000652,5,11,24,5,19,22,12,10,128,38,90
E02000653,2,6,5,1,4,9,4,5,26,10,16
E02000654,5,7,13,3,10,17,7,10,66,26,40
E02000655,3,6,12,5,7,6,2,4,58,20,38
E02000657,7,7,16,7,9,12,2,10,65,26,39
E02000658,8,13,12,4,8,16,7,9,73,29,44
E02000659,6,17,24,4,20,18,3,15,96,22,74
E02000660,6,6,17,3,14,12,6,6,52,18,34
E02000661,14,16,25,8,17,22,7,15,119,27,92
E02000662,6,7,6,5,1,13,5,8,28,9,19
E02000663,3,12,18,6,12,11,7,4,59,24,35
E02000664,20,15,34,18,16,19,5,14,112,35,77
E02000665,8,19,27,17,10,19,7,12,101,36,65
E02000666,12,5,21,9,12,19,9,10,95,28,67
E02000667,3,8,9,3,6,13,4,9,49,14,35
E02000668,4,14,25,10,15,13,7,6,104,36,68
E02000669,2,6,10,3,7,13,9,4,75,24,51
E02000670,9,11,14,4,10,15,10,5,66,14,52
E02000671,12,14,12,7,5,22,10,12,112,33,79
E02000672,8,17,23,11,12,13,5,8,104,32,72
E02000673,5,11,19,7,12,15,7,8,83,38,45
E02000674,14,18,19,6,13,26,11,15,107,34,73
E02000675,9,24,15,7,8,39,13,26,149,28,121
E02000676,6,5,15,5,10,12,3,9,92,29,63
E02000677,9,18,18,7,11,21,11,10,134,36,98
E02000678,11,16,23,9,14,22,6,16,98,33,65
E02000679,6,9,20,7,13,18,6,12,126,42,84
E02000680,6,18,18,5,13,21,9,12,143,43,100
E02000681,10,20,30,10,20,17,8,9,122,31,91
E02000682,11,23,26,8,18,32,15,17,146,49,97
E02000683,10,17,23,12,11,18,7,11,123,30,93
E02000685,9,16,24,4,20,31,14,17,151,43,108
E02000686,8,15,13,4,9,10,2,8,90,40,50
E02000687,13,11,21,8,13,24,6,18,133,37,96
E02000689,10,9,18,6,12,17,4,13,94,30,64
E02000690,15,21,42,15,27,34,13,21,235,87,148
E02000691,7,11,19,10,9,13,3,10,111,21,90
E02000692,13,20,32,11,21,42,15,27,231,55,176
E02000693,6,10,14,4,10,12,3,9,87,31,56
E02000694,10,8,27,8,19,15,3,12,88,29,59
E02000695,10,12,33,18,15,24,6,18,86,26,60
E02000696,6,10,10,6,4,5,2,3,46,16,30
E02000697,7,10,15,8,7,11,6,5,96,25,71
E02000698,10,22,33,13,20,22,8,14,230,57,173
E02000699,7,14,22,10,12,13,5,8,104,36,68
E02000700,3,8,15,5,10,10,4,6,52,21,31
E02000701,5,10,21,9,12,20,10,10,110,39,71
E02000702,8,13,13,4,9,14,5,9,89,36,53
E02000703,12,17,32,13,19,30,15,15,162,54,108
E02000704,11,15,23,11,12,24,7,17,208,64,144
E02000705,13,19,22,5,17,18,8,10,118,38,80
E02000706,9,18,24,7,17,29,12,17,112,38,74
E02000707,2,13,11,8,3,14,10,4,72,26,46
E02000708,17,21,33,13,20,22,11,11,119,43,76
E02000709,18,27,26,17,9,39,16,23,156,58,98
E02000710,14,19,44,20,24,40,16,24,190,67,123
E02000711,10,24,47,13,34,30,17,13,109,33,76
E02000712,15,26,46,20,26,35,11,24,197,67,130
E02000713,18,19,32,13,19,17,5,12,175,65,110
E02000714,6,11,16,6,10,16,4,12,59,21,38
E02000715,7,9,15,12,3,11,4,7,72,20,52
E02000716,3,7,16,9,7,10,2,8,112,21,91
E02000717,5,3,17,9,8,7,5,2,48,18,30
E02000718,8,4,7,5,2,9,4,5,51,14,37
E02000719,3,6,16,8,8,8,1,7,42,17,25
E02000720,6,10,9,5,4,7,3,4,37,16,21
E02000721,4,8,23,10,13,21,6,15,70,21,49
E02000722,3,8,17,4,13,6,2,4,58,17,41
E02000723,5,12,10,6,4,12,6,6,70,27,43
E02000724,7,10,13,8,5,14,6,8,51,18,33
E02000725,7,5,11,3,8,19,7,12,71,23,48
E02000726,4,4,10,9,1,6,4,2,54,23,31
E02000727,5,9,11,3,8,9,4,5,46,13,33
E02000728,8,2,12,3,9,15,9,6,55,24,31
E02000729,6,8,15,8,7,7,2,5,62,24,38
E02000730,13,12,8,6,2,7,2,5,67,19,48
E02000731,12,10,18,11,7,14,6,8,81,24,57
E02000732,6,10,9,0,9,19,4,15,49,20,29
E02000733,4,10,8,5,3,17,8,9,67,23,44
E02000734,6,11,8,4,4,6,2,4,52,24,28
E02000735,2,10,18,9,9,15,6,9,83,28,55
E02000736,6,9,17,7,10,21,5,16,87,32,55
E02000737,5,16,18,11,7,17,8,9,124,38,86
E02000738,7,8,11,4,7,13,9,4,55,9,46
E02000739,7,8,8,3,5,12,3,9,48,17,31
E02000740,7,5,9,6,3,6,0,6,50,17,33
E02000741,6,16,16,5,11,7,2,5,82,33,49
E02000742,8,13,15,7,8,12,6,6,98,33,65
E02000743,4,8,22,7,15,13,6,7,80,29,51
E02000744,3,6,13,4,9,11,2,9,72,27,45
E02000745,7,5,5,3,2,7,6,1,36,6,30
E02000746,6,8,17,5,12,3,2,1,40,14,26
E02000747,11,10,18,7,11,18,5,13,80,31,49
E02000748,2,3,4,1,3,3,0,3,35,9,26
E02000749,11,8,17,9,8,16,10,6,50,14,36
E02000750,0,4,5,1,4,11,5,6,42,14,28
E02000751,28,49,70,26,44,59,30,29,385,137,248
E02000752,8,16,33,14,19,36,12,24,197,59,138
E02000753,7,18,30,14,16,23,4,19,157,53,104
E02000754,8,16,20,5,15,29,16,13,97,30,67
E02000755,10,13,19,6,13,14,6,8,86,31,55
E02000756,17,26,41,20,21,42,18,24,201,65,136
E02000757,12,23,41,15,26,46,15,31,243,86,157
E02000758,17,28,31,14,17,25,11,14,126,39,87
E02000759,13,14,36,16,20,28,9,19,140,48,92
E02000760,14,23,36,13,23,28,11,17,174,55,119
E02000762,11,19,41,19,22,26,15,11,149,56,93
E02000763,8,16,29,15,14,15,7,8,115,33,82
E02000764,22,49,66,14,52,53,16,37,453,108,345
E02000765,16,19,21,11,10,28,11,17,108,41,67
E02000767,5,22,26,11,15,25,9,16,183,59,124
E02000768,6,20,20,10,10,19,9,10,114,37,77
E02000769,22,33,37,15,22,61,29,32,251,84,167
E02000770,8,15,21,9,12,21,10,11,91,31,60
E02000772,11,18,28,16,12,14,3,11,128,35,93
E02000773,13,7,11,5,6,17,3,14,66,27,39
E02000774,6,7,18,11,7,16,5,11,74,27,47
E02000776,8,11,15,6,9,12,3,9,72,21,51
E02000777,13,23,17,9,8,17,4,13,139,43,96
E02000779,4,12,19,6,13,16,6,10,77,27,50
E02000780,15,10,27,16,11,25,12,13,123,44,79
E02000781,17,38,45,15,30,35,15,20,238,92,146
E02000782,4,6,13,4,9,12,1,11,140,32,108
E02000783,5,6,19,5,14,13,2,11,89,36,53
E02000784,19,14,47,24,23,39,11,28,248,70,178
E02000785,14,23,39,17,22,36,13,23,240,76,164
E02000786,8,19,37,12,25,26,14,12,185,57,128
E02000787,13,29,37,12,25,28,14,14,204,65,139
E02000788,13,18,39,12,27,32,8,24,203,60,143
E02000789,7,16,30,11,19,26,8,18,153,31,122
E02000790,3,10,11,3,8,16,6,10,66,18,48
E02000791,11,14,27,8,19,22,8,14,159,55,104
E02000792,9,12,24,9,15,29,7,22,211,49,162
E02000793,16,12,31,13,18,31,11,20,194,57,137
E02000794,14,13,19,6,13,23,15,8,147,53,94
E02000795,11,19,33,11,22,44,19,25,196,72,124
E02000796,23,20,46,25,21,37,18,19,170,58,112
E02000797,4,9,12,5,7,18,8,10,82,18,64
E02000798,11,16,35,11,24,34,12,22,183,52,131
E02000799,7,8,17,6,11,15,6,9,87,34,53
E02000800,8,15,21,10,11,27,11,16,119,32,87
E02000801,5,12,16,4,12,22,9,13,77,21,56
E02000802,3,12,27,8,19,30,12,18,213,51,162
E02000803,25,24,46,18,28,32,14,18,227,72,155
E02000804,15,18,35,15,20,28,13,15,169,59,110
E02000805,19,21,33,8,25,48,16,32,254,82,172
E02000806,25,33,42,16,26,51,19,32,252,80,172
E02000807,2,11,7,1,6,7,1,6,37,14,23
E02000808,13,19,18,7,11,26,9,17,86,30,56
E02000809,2,5,8,4,4,7,3,4,40,11,29
E02000810,11,19,21,7,14,18,7,11,107,35,72
E02000812,5,13,20,9,11,19,6,13,111,32,79
E02000813,10,15,36,13,23,24,9,15,116,49,67
E02000814,5,6,8,4,4,9,1,8,69,16,53
E02000815,1,9,8,3,5,5,4,1,37,11,26
E02000816,11,10,4,2,2,22,14,8,101,37,64
E02000817,4,15,34,11,23,23,15,8,126,40,86
E02000818,3,16,15,6,9,13,5,8,79,22,57
E02000819,4,14,19,13,6,10,2,8,71,25,46
E02000820,5,8,15,7,8,38,16,22,106,32,74
E02000821,8,7,13,5,8,13,7,6,58,20,38
E02000822,6,13,7,2,5,9,2,7,78,31,47
E02000823,8,15,10,1,9,8,4,4,70,22,48
E02000824,2,14,13,5,8,9,4,5,50,19,31
E02000825,7,8,8,3,5,10,7,3,65,18,47
E02000826,15,15,14,6,8,17,6,11,67,18,49
E02000827,8,15,15,3,12,13,6,7,72,31,41
E02000828,6,9,12,8,4,7,2,5,42,14,28
E02000829,7,19,21,7,14,28,9,19,132,36,96
E02000830,8,14,22,13,9,15,5,10,87,37,50
E02000831,9,13,13,5,8,16,6,10,102,28,74
E02000832,9,16,14,5,9,16,7,9,146,46,100
E02000833,7,10,16,8,8,14,4,10,63,16,47
E02000834,5,14,19,6,13,15,4,11,106,32,74
E02000835,7,17,20,8,12,13,3,10,79,35,44
E02000836,11,15,21,9,12,15,7,8,70,22,48
E02000837,12,18,29,13,16,19,9,10,157,38,119
E02000838,10,21,22,11,11,23,10,13,130,30,100
E02000839,11,27,33,16,17,37,14,23,157,57,100
E02000840,12,11,24,8,16,21,5,16,108,39,69
E02000841,13,18,30,10,20,25,11,14,100,30,70
E02000842,15,12,41,16,25,22,7,15,133,52,81
E02000843,10,17,19,9,10,17,7,10,82,31,51
E02000844,9,13,27,10,17,24,12,12,112,33,79
E02000845,13,15,29,12,17,22,6,16,107,41,66
E02000846,11,24,24,11,13,24,10,14,198,60,138
E02000847,17,27,47,20,27,46,20,26,269,87,182
E02000848,15,17,23,4,19,23,11,12,144,53,91
E02000849,15,30,23,8,15,28,12,16,100,31,69
E02000850,14,23,34,16,18,34,19,15,172,63,109
E02000851,26,32,33,6,27,37,13,24,180,47,133
E02000852,8,12,23,8,15,12,8,4,83,31,52
E02000853,9,22,20,9,11,19,11,8,106,30,76
E02000854,8,20,26,10,16,28,9,19,147,54,93
E02000855,19,23,41,20,21,28,10,18,190,63,127
E02000856,12,22,37,15,22,23,7,16,146,49,97
E02000857,14,22,42,14,28,45,14,31,332,77,255
E02000858,5,13,17,7,10,23,15,8,77,22,55
E02000859,18,33,52,23,29,48,13,35,354,114,240
E02000860,11,22,46,15,31,39,10,29,262,82,180
E02000861,21,21,31,18,13,24,11,13,134,53,81
E02000863,17,21,22,10,12,29,13,16,178,53,125
E02000864,10,18,21,9,12,31,14,17,98,37,61
E02000865,3,7,19,5,14,15,6,9,75,27,48
E02000866,7,12,18,7,11,12,5,7,85,31,54
E02000867,5,10,9,1,8,6,2,4,62,18,44
E02000868,7,6,16,5,11,19,8,11,71,19,52
E02000869,4,8,13,5,8,9,5,4,62,19,43
E02000870,12,14,33,13,20,15,10,5,73,26,47
E02000871,4,9,8,3,5,9,6,3,56,17,39
E02000872,4,12,8,1,7,9,4,5,58,14,44
E02000873,9,14,10,6,4,10,3,7,62,22,40
E02000874,7,4,7,5,2,7,4,3,34,12,22
E02000875,5,14,10,2,8,10,3,7,60,25,35
E02000876,1,4,12,6,6,9,5,4,30,8,22
E02000877,9,6,13,6,7,14,5,9,50,14,36
E02000878,10,2,12,7,5,10,8,2,26,13,13
E02000879,11,18,29,9,20,32,15,17,144,55,89
E02000880,6,6,15,8,7,14,5,9,59,19,40
E02000881,5,6,6,3,3,4,2,2,54,16,38
E02000882,5,5,19,7,12,11,5,6,84,31,53
E02000883,4,17,25,8,17,14,8,6,94,39,55
E02000884,1,5,10,4,6,12,7,5,31,18,13
E02000885,8,11,29,11,18,14,5,9,61,16,45
E02000886,5,9,16,6,10,12,3,9,48,18,30
E02000887,10,18,18,9,9,6,2,4,72,27,45
E02000888,4,3,11,3,8,9,3,6,29,16,13
E02000889,9,4,6,3,3,13,8,5,30,8,22
E02000890,4,6,15,3,12,8,4,4,34,16,18
E02000891,2,1,6,2,4,12,7,5,42,16,26
E02000893,3,6,10,3,7,12,4,8,44,14,30
E02000894,4,2,8,5,3,5,3,2,37,19,18
E02000895,29,33,47,22,25,55,21,34,296,99,197
E02000896,21,27,46,18,28,41,15,26,269,66,203
E02000897,28,34,44,16,28,31,9,22,228,60,168
E02000898,16,16,36,17,19,27,8,19,212,71,141
E02000899,24,26,41,15,26,38,11,27,214,58,156
E02000900,10,18,26,9,17,30,17,13,131,38,93
E02000901,13,22,37,12,25,42,11,31,181,63,118
E02000902,12,12,22,11,11,20,11,9,117,39,78
E02000903,5,17,16,10,6,15,7,8,89,25,64
E02000904,9,13,15,10,5,17,7,10,84,34,50
E02000905,10,16,20,5,15,23,8,15,154,40,114
E02000906,9,15,19,8,11,20,12,8,84,22,62
E02000907,7,20,24,9,15,29,9,20,156,43,113
E02000908,6,10,14,5,9,16,4,12,116,37,79
E02000909,7,20,18,8,10,22,9,13,110,43,67
E02000910,8,15,21,8,13,14,4,10,110,31,79
E02000911,7,4,19,6,13,12,6,6,65,20,45
E02000912,12,19,18,7,11,22,10,12,118,37,81
E02000913,8,14,23,7,16,16,6,10,86,25,61
E02000914,3,16,22,14,8,18,6,12,109,29,80
E02000915,3,10,13,4,9,20,4,16,123,38,85
E02000916,9,9,15,4,11,11,5,6,67,29,38
E02000917,1,8,15,6,9,9,4,5,64,21,43
E02000918,5,10,18,10,8,15,5,10,72,23,49
E02000919,8,9,13,6,7,22,9,13,64,27,37
E02000920,4,9,17,8,9,11,5,6,63,16,47
E02000921,12,9,23,11,12,16,4,12,63,20,43
E02000922,7,9,23,13,10,14,4,10,79,34,45
E02000923,6,9,20,4,16,24,14,10,180,39,141
E02000924,9,12,15,4,11,14,4,10,59,20,39
E02000925,3,13,12,5,7,15,6,9,96,26,70
E02000926,6,14,28,14,14,8,4,4,82,37,45
E02000927,7,8,29,12,17,13,8,5,76,22,54
E02000928,9,10,20,7,13,18,3,15,106,32,74
E02000929,12,5,20,6,14,14,6,8,78,25,53
E02000930,7,8,22,10,12,12,7,5,70,19,51
E02000931,6,4,11,2,9,14,9,5,57,22,35
E02000932,10,9,16,6,10,18,6,12,61,21,40
E02000933,9,15,38,19,19,27,13,14,162,49,113
E02000934,8,6,11,6,5,15,5,10,50,17,33
E02000935,11,16,22,6,16,27,12,15,141,38,103
E02000936,10,20,28,10,18,25,8,17,193,57,136
E02000937,2,7,19,5,14,16,5,11,67,21,46
E02000938,11,19,41,12,29,32,10,22,263,76,187
E02000939,7,11,24,8,16,20,8,12,209,67,142
E02000940,5,7,20,10,10,10,3,7,81,22,59
E02000941,9,11,17,9,8,17,9,8,87,28,59
E02000942,9,7,20,9,11,12,5,7,106,25,81
E02000943,8,9,12,4,8,8,4,4,51,17,34
E02000944,5,16,21,9,12,10,3,7,95,25,70
E02000945,9,17,17,8,9,26,10,16,137,56,81
E02000946,6,13,9,4,5,13,5,8,94,38,56
E02000947,9,12,16,11,5,15,4,11,68,20,48
E02000948,8,10,17,7,10,12,5,7,101,28,73
E02000949,10,12,13,7,6,19,13,6,118,36,82
E02000950,4,10,27,11,16,25,4,21,93,19,74
E02000951,1,10,16,5,11,18,5,13,86,25,61
E02000952,7,4,10,3,7,16,8,8,63,21,42
E02000953,2,10,7,4,3,12,3,9,62,18,44
E02000954,7,6,10,3,7,13,3,10,58,26,32
E02000955,9,10,13,9,4,21,9,12,76,24,52
E02000956,6,14,8,4,4,13,9,4,50,15,35
E02000957,11,21,21,9,12,17,7,10,100,39,61
E02000958,10,17,23,5,18,16,6,10,122,44,78
E02000959,8,9,8,3,5,14,7,7,95,33,62
E02000960,15,19,25,12,13,36,14,22,222,75,147
E02000961,12,20,27,10,17,27,10,17,189,72,117
E02000962,28,31,29,13,16,33,12,21,250,93,157
E02000963,7,13,30,8,22,19,9,10,90,26,64
E02000964,11,23,16,10,6,18,5,13,103,38,65
E02000965,6,10,15,3,12,15,5,10,74,32,42
E02000966,9,10,17,9,8,20,12,8,110,40,70
E02000967,10,17,25,14,11,27,10,17,108,42,66
E02000968,20,20,54,20,34,33,15,18,173,64,109
E02000969,7,21,31,17,14,30,14,16,153,54,99
E02000970,16,13,20,8,12,27,13,14,118,37,81
E02000971,12,10,24,10,14,18,8,10,100,41,59
E02000972,16,9,22,10,12,18,6,12,90,36,54
E02000973,14,9,18,11,7,21,8,13,92,40,52
E02000974,9,12,34,18,16,14,10,4,98,43,55
E02000975,11,8,25,12,13,16,7,9,72,25,47
E02000976,6,13,25,8,17,16,6,10,123,49,74
E02000977,21,9,25,14,11,9,4,5,85,33,52
E02000978,15,16,23,14,9,25,12,13,163,72,91
E02000979,19,16,26,3,23,15,4,11,116,39,77
E02000980,23,20,30,11,19,34,15,19,139,42,97
E02000981,12,9,20,7,13,8,5,3,77,31,46
E02000982,16,27,34,14,20,14,6,8,150,44,106
E02000983,22,24,45,16,29,37,13,24,205,68,137
E02000984,14,17,17,9,8,22,10,12,100,42,58
E02000985,21,29,26,11,15,34,18,16,167,50,117
E02000986,19,33,37,12,25,40,15,25,211,64,147
E02000987,11,24,36,10,26,42,12,30,259,74,185
E02000988,12,22,35,10,25,25,9,16,146,45,101
E02000989,17,26,42,17,25,41,14,27,191,69,122
E02000990,10,15,32,13,19,25,6,19,143,56,87
E02000991,11,19,29,12,17,35,16,19,201,63,138
E02000992,15,31,21,7,14,22,15,7,128,40,88
E02000993,5,12,20,11,9,22,7,15,104,33,71
E02000994,9,17,20,4,16,25,7,18,125,41,84
E02000995,20,29,49,15,34,50,18,32,245,65,180
E02000996,13,18,25,7,18,30,11,19,214,63,151
E02000997,9,12,27,10,17,21,8,13,135,46,89
E02000998,11,17,29,11,18,24,9,15,140,42,98
E02000999,9,24,36,12,24,24,9,15,177,47,130
E02001000,17,40,37,19,18,42,13,29,223,70,153
E02001001,19,27,24,11,13,28,15,13,152,41,111
E02001002,10,9,23,9,14,24,15,9,89,40,49
E02001003,17,18,36,13,23,36,12,24,152,64,88
E02001004,3,16,8,2,6,29,12,17,84,31,53
E02001005,8,18,20,6,14,23,11,12,114,37,77
E02001006,12,16,14,7,7,14,6,8,97,33,64
E02001007,13,14,35,12,23,41,18,23,193,60,133
E02001008,4,7,16,7,9,20,6,14,147,39,108
E02001009,11,20,22,6,16,29,7,22,141,43,98
E02001010,6,6,14,8,6,14,3,11,79,34,45
E02001011,11,18,29,13,16,25,14,11,158,68,90
E02001012,13,14,28,12,16,37,12,25,150,56,94
E02001013,17,13,22,7,15,30,13,17,140,55,85
E02001014,13,12,26,9,17,22,11,11,152,56,96
E02001015,16,30,44,15,29,31,15,16,258,65,193
E02001016,10,16,25,10,15,29,13,16,123,47,76
E02001017,13,22,22,10,12,38,16,22,136,51,85
E02001018,4,12,22,10,12,17,8,9,54,21,33
E02001019,12,23,21,6,15,28,11,17,131,44,87
E02001020,14,16,26,9,17,33,15,18,198,67,131
E02001021,11,18,30,10,20,28,8,20,182,44,138
E02001022,22,33,39,14,25,39,18,21,234,74,160
E02001023,15,13,13,4,9,19,7,12,62,22,40
E02001024,14,16,29,20,9,13,5,8,114,39,75
E02001025,9,23,37,16,21,33,18,15,131,41,90
E02001026,11,19,23,11,12,23,11,12,108,31,77
E02001027,11,18,17,7,10,25,8,17,171,45,126
E02001028,15,26,34,21,13,41,18,23,181,61,120
E02001029,8,23,27,12,15,23,10,13,127,47,80
E02001030,3,14,20,8,12,24,10,14,110,35,75
E02001031,16,18,21,12,9,23,9,14,97,35,62
E02001032,12,18,19,7,12,22,9,13,158,52,106
E02001033,1,15,5,0,5,15,5,10,54,17,37
E02001034,16,14,18,6,12,22,6,16,134,42,92
E02001035,16,27,30,14,16,22,8,14,132,62,70
E02001036,5,8,24,10,14,14,4,10,70,25,45
E02001037,22,19,36,17,19,37,21,16,209,68,141
E02001038,7,17,32,13,19,27,9,18,147,44,103
E02001039,8,12,23,9,14,15,5,10,96,36,60
E02001040,8,22,26,4,22,26,7,19,155,52,103
E02001041,14,34,29,14,15,32,9,23,141,55,86
E02001042,21,21,30,10,20,31,11,20,137,57,80
E02001043,8,15,35,10,25,34,10,24,220,60,160
E02001044,8,12,32,15,17,27,8,19,126,40,86
E02001045,12,32,28,11,17,35,18,17,183,53,130
E02001046,11,21,21,6,15,30,12,18,155,46,109
E02001047,11,10,36,11,25,38,16,22,159,49,110
E02001048,13,22,24,13,11,31,15,16,181,50,131
E02001049,12,29,51,22,29,30,11,19,205,55,150
E02001050,8,16,15,2,13,8,2,6,89,31,58
E02001051,14,19,31,12,19,32,8,24,142,40,102
E02001052,12,28,35,11,24,33,18,15,162,59,103
E02001053,19,19,24,8,16,15,5,10,87,24,63
E02001055,11,24,20,6,14,26,14,12,149,50,99
E02001056,16,15,21,8,13,30,12,18,109,28,81
E02001057,7,12,10,3,7,15,8,7,76,22,54
E02001059,3,12,19,4,15,19,6,13,89,23,66
E02001061,12,23,28,15,13,23,9,14,151,52,99
E02001062,4,8,17,12,5,9,3,6,54,19,35
E02001063,4,6,2,1,1,6,3,3,16,6,10
E02001064,12,17,20,13,7,11,3,8,109,31,78
E02001065,9,18,21,6,15,19,9,10,104,32,72
E02001066,8,12,16,4,12,15,7,8,77,22,55
E02001067,10,12,23,5,18,23,11,12,97,34,63
E02001068,9,7,18,7,11,23,12,11,65,25,40
E02001069,3,9,11,2,9,15,9,6,62,28,34
E02001070,13,7,15,7,8,15,6,9,61,23,38
E02001071,12,10,9,2,7,17,5,12,75,26,49
E02001072,8,4,16,7,9,20,4,16,91,37,54
E02001073,13,27,29,12,17,36,11,25,167,53,114
E02001074,14,26,32,11,21,36,18,18,168,57,111
E02001075,6,12,12,4,8,9,2,7,74,25,49
E02001076,3,12,13,8,5,9,3,6,51,18,33
E02001077,11,17,30,13,17,24,8,16,111,37,74
E02001078,18,26,35,12,23,40,13,27,163,61,102
E02001079,15,14,16,2,14,22,9,13,103,33,70
E02001080,10,13,16,3,13,18,3,15,70,29,41
E02001081,9,14,22,7,15,28,10,18,107,29,78
E02001082,8,10,11,3,8,17,10,7,68,25,43
E02001083,5,4,13,6,7,11,3,8,80,24,56
E02001084,10,20,30,13,17,26,9,17,114,32,82
E02001085,9,18,23,13,10,21,8,13,99,24,75
E02001086,12,17,16,3,13,22,7,15,150,41,109
E02001087,18,23,34,11,23,45,15,30,196,50,146
E02001088,11,15,37,18,19,33,14,19,193,64,129
E02001089,13,23,41,15,26,26,6,20,212,73,139
E02001090,13,24,29,6,23,26,14,12,193,64,129
E02001091,15,22,50,16,34,47,15,32,208,63,145
E02001092,16,21,31,7,24,33,10,23,164,63,101
E02001093,10,15,31,7,24,24,13,11,149,32,117
E02001094,11,14,29,8,21,23,7,16,123,42,81
E02001095,10,15,37,8,29,42,8,34,190,53,137
E02001096,13,25,28,14,14,23,11,12,146,38,108
E02001097,10,27,36,10,26,39,17,22,186,60,126
E02001098,14,13,26,10,16,33,10,23,143,46,97
E02001099,3,12,18,3,15,15,6,9,74,18,56
E02001100,12,24,31,12,19,33,16,17,172,50,122
E02001101,14,22,25,13,12,23,9,14,96,29,67
E02001102,15,8,10,1,9,17,3,14,76,26,50
E02001103,13,13,22,8,14,24,11,13,121,39,82
E02001104,5,11,15,6,9,13,3,10,60,30,30
E02001105,8,19,33,11,22,28,9,19,163,37,126
E02001106,10,19,29,14,15,43,19,24,212,57,155
E02001107,15,12,18,7,11,18,9,9,93,33,60
E02001108,6,9,11,4,7,13,6,7,111,36,75
E02001109,14,22,26,8,18,28,11,17,137,38,99
E02001110,10,15,24,11,13,15,5,10,156,50,106
E02001111,8,14,24,13,11,20,7,13,153,53,100
E02001112,9,15,23,11,12,19,10,9,75,26,49
E02001113,0,10,12,3,9,9,5,4,60,23,37
E02001114,14,26,50,20,30,42,21,21,217,64,153
E02001115,7,14,27,9,18,21,3,18,117,37,80
E02001116,4,9,11,5,6,18,8,10,119,37,82
E02001117,8,15,25,9,16,27,9,18,143,50,93
E02001118,13,16,22,9,13,18,8,10,129,39,90
E02001119,15,16,32,15,17,32,11,21,194,38,156
E02001121,6,14,19,10,9,18,9,9,89,34,55
E02001123,9,14,10,6,4,19,7,12,88,29,59
E02001124,4,20,24,11,13,19,5,14,145,45,100
E02001125,19,21,39,18,21,25,5,20,155,50,105
E02001126,17,16,24,6,18,28,13,15,111,33,78
E02001127,3,10,29,12,17,18,9,9,93,27,66
E02001128,17,15,24,9,15,19,6,13,129,46,83
E02001129,13,13,33,6,27,20,8,12,166,45,121
E02001130,6,21,22,9,13,18,4,14,123,39,84
E02001131,13,23,27,10,17,21,6,15,100,34,66
E02001132,14,26,34,16,18,22,8,14,153,54,99
E02001133,7,12,22,10,12,22,11,11,84,29,55
E02001134,11,9,29,7,22,25,6,19,159,36,123
E02001135,7,8,17,6,11,23,9,14,137,39,98
E02001136,18,24,38,17,21,25,9,16,163,56,107
E02001137,9,9,13,7,6,13,7,6,61,18,43
E02001138,21,26,32,12,20,38,10,28,206,62,144
E02001139,8,14,23,9,14,18,10,8,81,31,50
E02001140,11,18,19,4,15,33,9,24,183,55,128
E02001141,16,19,35,10,25,34,13,21,165,66,99
E02001142,22,20,44,18,26,28,13,15,170,58,112
E02001143,8,26,27,8,19,23,12,11,113,43,70
E02001144,14,9,25,10,15,22,12,10,80,19,61
E02001145,11,16,20,9,11,27,11,16,112,39,73
E02001146,5,12,19,7,12,22,7,15,137,41,96
E02001147,16,22,24,5,19,35,14,21,125,40,85
E02001148,24,31,35,7,28,48,20,28,269,86,183
E02001149,19,41,31,10,21,41,11,30,204,67,137
E02001150,10,17,27,9,18,28,10,18,115,38,77
E02001151,13,21,36,13,23,35,14,21,215,60,155
E02001152,10,23,34,11,23,43,17,26,155,52,103
E02001153,16,31,40,17,23,43,15,28,175,53,122
E02001154,17,18,38,12,26,35,11,24,143,48,95
E02001155,7,21,33,16,17,37,10,27,158,46,112
E02001156,19,38,64,21,43,61,20,41,244,87,157
E02001157,6,19,32,9,23,33,9,24,159,48,111
E02001158,13,16,31,9,22,27,6,21,162,54,108
E02001159,14,20,14,9,5,20,12,8,120,38,82
E02001160,8,13,21,8,13,14,6,8,93,33,60
E02001161,8,14,18,6,12,18,6,12,120,44,76
E02001162,8,15,26,9,17,24,11,13,128,53,75
E02001163,27,32,30,13,17,53,21,32,229,81,148
E02001164,5,12,13,5,8,9,4,5,93,33,60
E02001165,11,14,22,8,14,26,7,19,98,38,60
E02001166,13,25,30,9,21,36,12,24,238,83,155
E02001167,11,18,22,8,14,23,9,14,118,33,85
E02001168,13,30,53,26,27,40,14,26,226,69,157
E02001169,20,21,34,16,18,26,10,16,162,44,118
E02001170,27,31,58,28,30,53,20,33,274,88,186
E02001171,9,19,18,6,12,21,9,12,128,32,96
E02001172,10,17,33,13,20,25,7,18,231,66,165
E02001173,6,14,18,8,10,21,9,12,87,27,60
E02001174,12,12,33,16,17,21,9,12,164,35,129
E02001175,9,14,21,7,14,31,8,23,124,44,80
E02001176,19,43,51,15,36,50,16,34,339,90,249
E02001177,24,39,52,22,30,49,17,32,293,74,219
E02001178,10,2,13,7,6,11,3,8,62,28,34
E02001179,16,8,23,11,12,27,12,15,115,38,77
E02001180,4,12,19,7,12,17,10,7,71,19,52
E02001181,4,13,21,10,11,14,7,7,102,38,64
E02001182,17,13,22,8,14,24,9,15,118,24,94
E02001183,6,11,15,11,4,11,6,5,76,18,58
E02001184,8,5,17,3,14,11,5,6,62,24,38
E02001185,21,21,31,13,18,37,8,29,154,40,114
E02001186,13,25,29,10,19,39,10,29,173,55,118
E02001187,10,17,17,8,9,19,7,12,119,47,72
E02001188,12,22,13,6,7,17,8,9,113,42,71
E02001189,9,18,34,19,15,24,11,13,150,55,95
E02001190,7,17,27,9,18,18,4,14,127,36,91
E02001191,18,23,26,8,18,34,17,17,137,53,84
E02001192,10,19,29,15,14,34,9,25,190,60,130
E02001193,8,7,24,11,13,18,6,12,112,34,78
E02001194,16,26,35,9,26,46,10,36,222,47,175
E02001195,11,19,30,6,24,17,9,8,136,31,105
E02001196,14,22,52,24,28,48,15,33,211,80,131
E02001197,16,16,21,6,15,27,11,16,118,36,82
E02001198,12,34,56,19,37,38,14,24,238,68,170
E02001199,18,20,45,16,29,36,13,23,154,54,100
E02001200,12,18,30,16,14,25,15,10,99,27,72
E02001201,11,15,18,6,12,14,4,10,85,22,63
E02001202,13,7,16,6,10,23,5,18,86,27,59
E02001203,19,20,29,13,16,27,10,17,131,51,80
E02001204,20,27,32,19,13,27,11,16,143,49,94
E02001205,12,17,29,14,15,34,14,20,110,44,66
E02001206,16,27,43,15,28,49,13,36,308,74,234
E02001207,9,16,35,14,21,19,6,13,136,49,87
E02001208,13,23,27,11,16,17,3,14,144,51,93
E02001209,7,20,22,8,14,27,7,20,166,46,120
E02001210,13,24,24,6,18,31,12,19,147,44,103
E02001211,14,23,42,16,26,39,12,27,222,61,161
E02001212,5,7,16,8,8,15,5,10,94,31,63
E02001213,22,28,49,19,30,33,13,20,281,75,206
E02001214,25,41,60,30,30,36,18,18,245,84,161
E02001215,15,28,29,11,18,29,16,13,170,56,114
E02001216,19,23,38,14,24,38,16,22,188,55,133
E02001217,12,23,46,18,28,43,17,26,196,56,140
E02001218,12,24,36,15,21,30,16,14,150,54,96
E02001219,18,16,27,11,16,39,15,24,114,45,69
E02001220,12,9,22,7,15,14,8,6,106,35,71
E02001221,14,22,34,15,19,40,18,22,162,48,114
E02001222,20,21,34,14,20,33,11,22,169,67,102
E02001223,18,26,25,11,14,32,11,21,194,73,121
E02001224,29,23,53,25,28,52,13,39,198,76,122
E02001225,19,20,37,12,25,32,17,15,149,48,101
E02001226,19,25,37,21,16,24,7,17,141,50,91
E02001227,24,24,47,22,25,43,15,28,177,63,114
E02001228,15,21,46,18,28,36,16,20,212,60,152
E02001229,12,22,21,5,16,23,8,15,163,39,124
E02001230,10,10,8,3,5,15,5,10,103,43,60
E02001231,5,11,7,3,4,14,0,14,63,20,43
E02001232,5,16,20,7,13,23,11,12,157,54,103
E02001233,15,24,37,17,20,25,8,17,208,63,145
E02001234,4,17,24,5,19,36,13,23,179,61,118
E02001235,7,16,27,7,20,20,6,14,112,44,68
E02001236,10,20,19,7,12,19,6,13,126,34,92
E02001237,2,15,17,7,10,23,4,19,142,25,117
E02001238,18,22,31,20,11,25,10,15,142,45,97
E02001239,14,20,27,13,14,24,11,13,182,51,131
E02001240,7,9,19,9,10,13,4,9,74,23,51
E02001241,11,15,20,10,10,21,7,14,100,36,64
E02001242,11,16,24,10,14,24,9,15,124,37,87
E02001243,12,15,46,16,30,32,8,24,163,62,101
E02001244,16,12,15,5,10,12,8,4,83,25,58
E02001245,12,10,22,2,20,28,10,18,147,30,117
E02001246,17,26,29,13,16,37,13,24,196,58,138
E02001247,6,22,23,12,11,17,6,11,128,30,98
E02001248,11,13,34,9,25,22,14,8,146,43,103
E02001249,8,13,19,8,11,20,7,13,91,39,52
E02001250,13,14,12,2,10,23,10,13,108,36,72
E02001251,6,11,27,10,17,22,7,15,109,34,75
E02001252,29,36,56,25,31,41,21,20,228,76,152
E02001253,10,15,24,11,13,19,9,10,95,28,67
E02001254,8,18,19,8,11,24,12,12,99,30,69
E02001255,13,10,19,2,17,18,11,7,79,26,53
E02001256,9,22,36,17,19,40,14,26,192,54,138
E02001257,18,25,45,25,20,53,14,39,237,75,162
E02001258,23,33,36,12,24,33,11,22,204,63,141
E02001259,8,5,25,9,16,21,9,12,62,23,39
E02001260,15,22,25,12,13,27,13,14,133,46,87
E02001261,5,12,19,10,9,24,10,14,80,21,59
E02001262,15,23,35,16,19,33,11,22,142,55,87
E02001263,12,26,48,18,30,45,18,27,184,68,116
E02001264,11,20,26,14,12,25,9,16,108,35,73
E02001265,14,25,49,26,23,32,11,21,175,54,121
E02001266,13,26,24,13,11,26,7,19,156,44,112
E02001267,18,21,50,15,35,32,13,19,285,77,208
E02001268,23,30,34,9,25,45,13,32,205,77,128
E02001269,22,28,42,22,20,37,11,26,207,63,144
E02001270,10,26,27,14,13,28,9,19,174,61,113
E02001271,13,18,33,15,18,28,10,18,136,50,86
E02001272,21,28,33,11,22,33,18,15,189,70,119
E02001273,17,27,46,15,31,38,14,24,263,78,185
E02001274,29,39,39,16,23,67,32,35,237,89,148
E02001275,16,21,36,12,24,32,17,15,117,26,91
E02001276,26,29,27,7,20,40,12,28,180,68,112
E02001277,5,11,16,7,9,21,4,17,71,29,42
E02001278,9,20,28,11,17,27,6,21,166,65,101
E02001279,19,24,35,18,17,23,12,11,135,53,82
E02001280,13,24,35,17,18,36,15,21,207,58,149
E02001281,22,27,51,21,30,30,11,19,207,74,133
E02001282,11,23,18,7,11,25,12,13,146,51,95
E02001283,29,41,62,23,39,52,16,36,332,109,223
E02001284,10,26,28,11,17,31,13,18,170,51,119
E02001285,22,23,44,16,28,45,14,31,317,92,225
E02001286,29,31,45,19,26,49,16,33,265,109,156
E02001287,7,9,19,10,9,22,7,15,110,22,88
E02001288,17,16,31,12,19,36,12,24,144,35,109
E02001289,13,19,48,17,31,31,12,19,143,56,87
E02001290,13,23,24,12,12,26,7,19,123,25,98
E02001291,12,24,23,8,15,29,10,19,112,40,72
E02001292,29,29,50,23,27,40,16,24,178,57,121
E02001293,14,11,20,7,13,18,8,10,77,28,49
E02001294,15,21,33,12,21,29,9,20,164,35,129
E02001295,19,16,35,11,24,32,14,18,159,39,120
E02001296,8,13,13,5,8,17,5,12,107,29,78
E02001297,9,23,33,16,17,34,17,17,134,38,96
E02001298,6,18,25,11,14,20,9,11,152,41,111
E02001299,13,21,32,12,20,37,11,26,172,38,134
E02001300,13,31,31,9,22,37,10,27,201,70,131
E02001301,12,14,32,16,16,36,8,28,198,43,155
E02001302,8,12,25,7,18,23,11,12,156,41,115
E02001303,8,15,19,8,11,28,14,14,98,38,60
E02001304,34,41,51,18,33,53,22,31,246,85,161
E02001305,14,13,26,10,16,27,8,19,96,33,63
E02001306,9,4,28,13,15,20,5,15,83,29,54
E02001307,12,25,15,4,11,29,19,10,72,29,43
E02001308,11,15,24,8,16,26,7,19,134,34,100
E02001309,12,24,29,12,17,32,11,21,176,51,125
E02001310,15,14,21,10,11,25,12,13,112,25,87
E02001311,15,17,23,8,15,16,8,8,110,36,74
E02001312,2,14,15,8,7,17,6,11,95,23,72
E02001313,10,18,26,10,16,26,9,17,152,39,113
E02001314,6,10,10,3,7,11,5,6,51,19,32
E02001315,12,17,25,10,15,37,15,22,124,45,79
E02001316,10,13,20,6,14,13,5,8,93,38,55
E02001317,18,27,40,15,25,43,17,26,207,59,148
E02001318,17,16,26,13,13,35,13,22,133,42,91
E02001319,8,12,17,7,10,18,5,13,125,34,91
E02001320,16,21,40,15,25,28,13,15,111,44,67
E02001321,14,18,25,10,15,22,9,13,109,27,82
E02001322,12,19,31,7,24,28,13,15,169,51,118
E02001323,10,26,32,13,19,31,8,23,153,59,94
E02001324,9,19,22,7,15,27,13,14,149,61,88
E02001325,18,27,24,9,15,27,11,16,135,36,99
E02001326,15,19,26,13,13,35,14,21,137,61,76
E02001327,2,9,5,1,4,13,6,7,56,17,39
E02001328,17,21,31,11,20,27,9,18,102,38,64
E02001329,15,26,30,12,18,23,4,19,144,49,95
E02001330,7,23,34,16,18,27,10,17,124,42,82
E02001331,24,33,54,22,32,38,20,18,206,69,137
E02001332,10,12,24,16,8,20,7,13,80,25,55
E02001333,22,23,40,13,27,44,18,26,202,55,147
E02001334,3,15,27,12,15,20,9,11,46,10,36
E02001335,19,20,29,13,16,27,7,20,124,40,84
E02001336,10,15,31,12,19,16,6,10,98,33,65
E02001337,11,16,19,13,6,19,12,7,64,23,41
E02001338,13,13,27,11,16,23,8,15,92,25,67
E02001339,18,15,20,6,14,15,5,10,66,20,46
E02001340,12,33,56,25,31,47,22,25,181,61,120
E02001341,11,30,38,12,26,40,16,24,162,41,121
E02001342,17,45,52,17,35,43,16,27,228,69,159
E02001343,11,17,37,11,26,29,14,15,86,35,51
E02001344,9,22,25,10,15,35,9,26,146,41,105
E02001345,7,13,38,18,20,12,6,6,62,27,35
E02001346,15,18,27,6,21,23,14,9,95,29,66
E02001347,4,21,24,15,9,23,12,11,113,36,77
E02001348,12,19,21,7,14,35,15,20,96,38,58
E02001349,19,12,20,9,11,19,5,14,94,29,65
E02001350,23,28,36,12,24,40,17,23,223,56,167
E02001351,19,28,33,16,17,26,11,15,137,43,94
E02001352,12,19,25,12,13,16,6,10,70,25,45
E02001353,7,12,16,3,13,15,6,9,69,22,47
E02001354,15,29,29,11,18,20,4,16,117,31,86
E02001355,9,17,26,4,22,19,5,14,145,45,100
E02001356,11,16,14,4,10,18,7,11,56,17,39
E02001357,22,22,36,19,17,30,12,18,118,34,84
E02001358,16,13,18,7,11,20,5,15,81,17,64
E02001359,7,11,15,6,9,12,5,7,81,30,51
E02001360,4,10,18,9,9,18,8,10,114,28,86
E02001361,11,26,27,11,16,27,8,19,147,53,94
E02001362,22,31,46,13,33,40,16,24,167,56,111
E02001363,13,31,26,14,12,23,5,18,81,18,63
E02001364,13,10,19,11,8,25,7,18,101,27,74
E02001365,15,25,23,5,18,23,11,12,129,33,96
E02001366,15,20,24,11,13,31,15,16,150,38,112
E02001367,15,31,39,16,23,52,20,32,192,60,132
E02001368,7,21,26,11,15,19,3,16,120,35,85
E02001369,13,18,21,9,12,28,6,22,73,28,45
E02001370,13,9,19,10,9,22,15,7,127,39,88
E02001371,11,17,27,7,20,23,12,11,108,38,70
E02001372,15,25,42,14,28,32,5,27,199,63,136
E02001373,19,18,25,9,16,29,11,18,114,33,81
E02001374,8,12,13,3,10,25,14,11,79,19,60
E02001375,17,25,37,13,24,53,13,40,219,62,157
E02001376,5,17,23,9,14,20,6,14,77,30,47
E02001377,7,16,14,2,12,14,4,10,79,31,48
E02001378,20,32,34,14,20,46,13,33,187,51,136
E02001380,23,17,40,9,31,33,14,19,140,51,89
E02001381,10,14,20,9,11,18,6,12,75,22,53
E02001382,14,15,19,9,10,20,5,15,121,42,79
E02001383,7,8,11,7,4,9,3,6,68,30,38
E02001384,10,9,24,10,14,12,4,8,80,30,50
E02001385,16,8,17,9,8,9,3,6,74,31,43
E02001386,22,27,42,13,29,31,12,19,183,51,132
E02001387,13,35,46,25,21,50,15,35,184,55,129
E02001388,10,14,20,8,12,19,7,12,108,23,85
E02001389,13,10,28,10,18,15,4,11,93,29,64
E02001390,13,16,39,15,24,30,14,16,119,41,78
E02001391,8,7,21,8,13,8,2,6,90,29,61
E02001392,27,30,46,22,24,32,18,14,168,60,108
E02001393,25,26,47,11,36,48,20,28,178,63,115
E02001394,22,36,36,8,28,48,15,33,287,65,222
E02001395,14,29,25,10,15,21,11,10,127,41,86
E02001396,12,14,30,14,16,17,6,11,86,30,56
E02001397,23,44,66,30,36,55,19,36,267,83,184
E02001398,19,19,45,14,31,30,8,22,199,45,154
E02001399,19,28,38,13,25,30,9,21,160,53,107
E02001400,16,25,31,9,22,29,7,22,194,58,136
E02001401,31,29,59,22,37,50,14,36,233,62,171
E02001402,24,28,46,16,30,33,10,23,213,56,157
E02001403,15,12,18,10,8,25,14,11,90,24,66
E02001404,8,22,27,10,17,28,12,16,106,35,71
E02001405,15,23,43,17,26,43,20,23,167,53,114
E02001406,26,37,66,31,35,36,14,22,233,78,155
E02001407,24,18,29,9,20,26,9,17,125,29,96
E02001408,9,10,14,5,9,18,8,10,90,27,63
E02001409,23,24,41,17,24,33,9,24,250,70,180
E02001410,7,19,34,16,18,27,9,18,133,48,85
E02001411,6,12,21,8,13,19,8,11,89,25,64
E02001412,19,33,42,13,29,37,10,27,215,71,144
E02001413,15,16,31,7,24,44,19,25,150,44,106
E02001414,28,20,37,20,17,42,15,27,153,61,92
E02001415,7,16,18,9,9,14,5,9,115,41,74
E02001416,9,8,22,7,15,28,7,21,102,32,70
E02001417,8,26,19,7,12,18,9,9,144,31,113
E02001418,11,24,30,12,18,27,10,17,99,31,68
E02001419,12,21,43,19,24,37,12,25,148,46,102
E02001420,25,28,31,16,15,35,6,29,179,45,134
E02001421,17,28,49,16,33,27,15,12,193,66,127
E02001422,10,15,26,8,18,24,6,18,75,21,54
E02001423,14,17,23,9,14,35,15,20,195,65,130
E02001424,19,43,37,13,24,38,17,21,218,60,158
E02001425,15,26,36,15,21,34,13,21,183,52,131
E02001426,18,15,31,16,15,20,8,12,132,36,96
E02001427,10,11,23,6,17,12,5,7,99,33,66
E02001428,20,25,20,8,12,27,8,19,174,51,123
E02001429,25,32,47,23,24,51,25,26,209,73,136
E02001430,28,24,45,17,28,56,21,35,234,62,172
E02001431,30,63,84,26,58,88,35,53,579,150,429
E02001432,16,50,70,23,47,59,25,34,456,132,324
E02001433,14,13,25,11,14,15,5,10,120,44,76
E02001434,17,19,25,10,15,37,8,29,137,40,97
E02001435,13,17,28,17,11,29,10,19,180,52,128
E02001436,19,30,36,16,20,27,9,18,184,70,114
E02001437,48,63,113,45,68,107,36,71,658,183,475
E02001438,10,27,32,15,17,18,2,16,151,58,93
E02001439,17,31,53,22,31,52,12,40,201,71,130
E02001440,18,31,56,27,29,32,13,19,193,68,125
E02001441,17,23,51,22,29,33,15,18,142,59,83
E02001442,19,35,43,23,20,42,17,25,260,76,184
E02001443,25,20,37,14,23,31,11,20,174,67,107
E02001444,18,24,47,16,31,29,13,16,148,62,86
E02001445,20,39,40,18,22,29,14,15,173,62,111
E02001446,25,30,40,21,19,38,24,14,162,56,106
E02001447,28,43,42,23,19,37,15,22,226,79,147
E02001448,28,32,43,14,29,33,9,24,164,48,116
E02001449,15,33,57,21,36,50,16,34,228,81,147
E02001450,13,47,64,21,43,59,14,45,317,85,232
E02001451,19,31,51,25,26,51,22,29,180,51,129
E02001452,17,25,35,13,22,30,11,19,155,48,107
E02001453,18,23,41,18,23,37,14,23,237,63,174
E02001454,16,29,61,28,33,41,14,27,146,58,88
E02001455,19,27,40,24,16,29,7,22,152,56,96
E02001456,12,26,42,10,32,52,25,27,229,56,173
E02001457,14,25,19,6,13,27,12,15,110,36,74
E02001458,17,17,25,6,19,27,10,17,102,29,73
E02001459,11,22,35,14,21,19,6,13,100,27,73
E02001460,20,25,39,10,29,32,9,23,230,57,173
E02001461,10,28,25,14,11,23,6,17,100,38,62
E02001462,12,10,21,9,12,13,5,8,56,11,45
E02001463,9,12,27,8,19,29,5,24,103,38,65
E02001464,6,9,13,4,9,19,6,13,79,16,63
E02001465,10,13,20,4,16,16,4,12,106,21,85
E02001466,14,17,27,9,18,18,11,7,145,36,109
E02001467,17,31,28,12,16,37,14,23,187,46,141
E02001468,17,18,45,17,28,36,15,21,217,51,166
E02001469,17,41,53,15,38,43,16,27,258,85,173
E02001470,21,31,39,13,26,37,13,24,181,49,132
E02001471,18,15,32,8,24,22,12,10,157,54,103
E02001472,18,16,29,15,14,30,16,14,142,52,90
E02001473,25,24,37,13,24,33,16,17,158,46,112
E02001474,8,16,24,5,19,20,9,11,89,34,55
E02001475,7,18,36,15,21,27,8,19,123,46,77
E02001476,8,14,30,10,20,8,4,4,90,26,64
E02001477,3,6,19,8,11,14,9,5,76,22,54
E02001478,17,37,43,14,29,36,9,27,248,78,170
E02001479,14,12,28,11,17,20,8,12,107,41,66
E02001480,19,33,49,15,34,53,25,28,361,111,250
E02001481,18,25,41,18,23,50,18,32,239,66,173
E02001482,13,17,14,7,7,16,7,9,86,23,63
E02001483,15,17,34,12,22,25,9,16,143,47,96
E02001484,19,33,52,21,31,41,14,27,260,72,188
E02001485,10,16,25,10,15,30,17,13,109,30,79
E02001486,25,46,70,19,51,79,16,63,400,91,309
E02001487,12,19,23,7,16,15,6,9,90,21,69
E02001488,9,14,32,10,22,23,8,15,153,46,107
E02001489,20,60,66,32,34,60,25,35,245,86,159
E02001490,16,21,20,7,13,27,11,16,119,42,77
E02001491,21,26,35,13,22,46,9,37,220,67,153
E02001492,28,50,64,21,43,62,19,43,386,102,284
E02001493,17,17,21,7,14,20,8,12,144,52,92
E02001494,29,39,53,24,29,59,20,39,263,98,165
E02001495,17,27,32,4,28,52,20,32,222,69,153
E02001496,11,19,37,20,17,42,12,30,180,51,129
E02001497,11,23,25,12,13,32,10,22,111,38,73
E02001498,23,27,41,20,21,35,17,18,161,50,111
E02001499,17,26,51,21,30,53,17,36,183,69,114
E02001500,34,33,45,21,24,44,14,30,200,73,127
E02001501,19,32,42,17,25,44,12,32,241,78,163
E02001502,17,38,54,25,29,39,8,31,308,81,227
E02001503,34,44,46,13,33,48,13,35,356,101,255
E02001504,20,30,43,17,26,44,20,24,252,71,181
E02001505,15,29,30,11,19,36,12,24,201,66,135
E02001506,41,56,63,23,40,65,25,40,339,126,213
E02001507,14,35,33,13,20,30,14,16,160,65,95
E02001508,26,25,47,15,32,37,13,24,169,55,114
E02001509,9,20,32,9,23,36,9,27,146,48,98
E02001510,18,15,25,7,18,17,9,8,94,30,64
E02001511,13,15,35,13,22,23,11,12,144,47,97
E02001512,12,36,43,18,25,45,11,34,213,61,152
E02001513,12,24,27,7,20,28,15,13,147,44,103
E02001514,8,24,27,12,15,27,10,17,148,44,104
E02001515,18,31,48,21,27,46,15,31,174,57,117
E02001516,8,14,27,13,14,22,10,12,102,33,69
E02001517,9,15,36,18,18,26,9,17,127,49,78
E02001518,16,19,45,15,30,36,12,24,172,56,116
E02001519,9,9,21,9,12,29,11,18,99,26,73
E02001520,30,49,65,27,38,44,17,27,292,109,183
E02001521,22,20,47,15,32,35,16,19,170,56,114
E02001522,11,22,44,20,24,26,4,22,206,68,138
E02001523,5,9,23,5,18,24,7,17,121,30,91
E02001524,15,16,26,8,18,35,13,22,124,39,85
E02001525,13,17,36,13,23,17,6,11,157,48,109
E02001526,7,8,24,7,17,14,10,4,79,27,52
E02001527,14,17,33,13,20,28,5,23,140,39,101
E02001528,25,20,52,26,26,36,11,25,232,76,156
E02001529,13,24,54,22,32,42,13,29,191,61,130
E02001530,5,8,12,4,8,26,11,15,105,30,75
E02001531,9,18,23,10,13,23,11,12,94,25,69
E02001532,20,24,52,22,30,44,16,28,184,63,121
E02001533,10,16,33,9,24,27,11,16,134,39,95
E02001534,19,25,32,15,17,29,11,18,216,57,159
E02001535,8,15,25,13,12,27,9,18,114,44,70
E02001536,23,33,41,17,24,46,13,33,228,66,162
E02001537,16,11,39,18,21,24,14,10,150,45,105
E02001538,19,32,42,16,26,36,14,22,177,59,118
E02001539,5,11,21,7,14,15,7,8,76,23,53
E02001540,29,31,59,29,30,45,19,26,234,80,154
E02001541,27,37,53,27,26,52,19,33,282,109,173
E02001542,15,27,33,16,17,39,12,27,126,37,89
E02001543,20,33,40,19,21,32,13,19,201,55,146
E02001544,14,15,32,10,22,33,17,16,130,47,83
E02001545,26,21,36,14,22,40,14,26,145,58,87
E02001546,23,29,37,17,20,33,15,18,159,57,102
E02001547,12,25,31,14,17,47,15,32,199,63,136
E02001548,15,13,32,14,18,29,10,19,173,45,128
E02001549,14,10,25,7,18,32,21,11,138,46,92
E02001550,13,32,47,19,28,38,16,22,179,65,114
E02001551,6,10,13,4,9,18,9,9,101,31,70
E02001552,9,11,35,15,20,32,15,17,164,49,115
E02001553,32,31,50,14,36,36,11,25,285,101,184
E02001554,18,17,24,6,18,17,9,8,96,42,54
E02001555,22,21,40,22,18,18,6,12,158,57,101
E02001556,17,28,37,17,20,43,12,31,210,68,142
E02001557,23,42,26,8,18,43,18,25,223,57,166
E02001558,13,20,36,12,24,24,11,13,111,40,71
E02001559,14,29,44,17,27,33,15,18,175,63,112
E02001560,8,23,24,8,16,21,5,16,128,32,96
E02001561,12,9,21,10,11,25,12,13,144,44,100
E02001562,17,49,62,29,33,49,22,27,231,79,152
E02001563,41,49,44,19,25,69,29,40,300,104,196
E02001564,14,21,31,16,15,35,18,17,147,53,94
E02001565,21,26,38,22,16,32,15,17,178,63,115
E02001566,10,9,16,4,12,17,9,8,77,32,45
E02001567,18,13,39,14,25,27,15,12,164,47,117
E02001568,9,12,26,8,18,24,11,13,125,44,81
E02001569,14,20,26,11,15,30,10,20,200,42,158
E02001570,12,18,23,7,16,33,15,18,141,33,108
E02001571,18,16,30,12,18,26,10,16,123,39,84
E02001572,13,23,34,10,24,23,10,13,122,41,81
E02001573,20,25,27,7,20,28,10,18,136,49,87
E02001574,22,25,32,14,18,25,10,15,87,36,51
E02001575,9,26,34,12,22,30,10,20,167,48,119
E02001576,9,7,34,18,16,15,9,6,114,49,65
E02001577,15,24,49,17,32,45,14,31,223,76,147
E02001578,12,18,26,8,18,31,7,24,193,52,141
E02001579,16,29,60,20,40,37,14,23,263,73,190
E02001580,17,26,43,20,23,60,14,46,234,75,159
E02001581,7,15,23,12,11,21,13,8,146,47,99
E02001582,14,16,25,11,14,40,16,24,179,54,125
E02001583,4,8,18,10,8,21,5,16,103,36,67
E02001584,15,20,16,3,13,26,16,10,147,51,96
E02001585,15,19,27,11,16,22,7,15,155,34,121
E02001586,11,25,51,26,25,35,12,23,227,65,162
E02001587,9,16,48,26,22,24,5,19,154,45,109
E02001588,23,28,46,17,29,37,21,16,161,56,105
E02001589,6,20,24,8,16,26,6,20,121,47,74
E02001590,7,8,8,2,6,16,5,11,90,32,58
E02001591,16,20,12,5,7,22,12,10,117,32,85
E02001592,22,19,27,12,15,32,14,18,161,57,104
E02001593,5,10,11,6,5,15,7,8,73,29,44
E02001594,12,21,25,7,18,25,7,18,212,53,159
E02001595,13,21,40,17,23,30,15,15,189,62,127
E02001596,22,37,43,14,29,53,23,30,260,80,180
E02001597,10,25,30,15,15,47,15,32,181,50,131
E02001598,36,47,44,18,26,54,19,35,288,78,210
E02001599,12,23,33,12,21,29,10,19,141,45,96
E02001600,25,40,48,27,21,55,21,34,239,73,166
E02001601,20,17,33,17,16,21,13,8,127,35,92
E02001602,27,23,44,20,24,34,10,24,125,47,78
E02001603,18,18,28,12,16,32,19,13,128,38,90
E02001604,10,20,22,7,15,21,11,10,139,38,101
E02001605,9,17,16,7,9,41,18,23,112,46,66
E02001606,12,14,34,9,25,35,14,21,167,48,119
E02001607,16,28,33,16,17,29,12,17,173,54,119
E02001608,10,17,22,9,13,22,9,13,131,50,81
E02001609,24,30,33,11,22,34,14,20,182,75,107
E02001610,18,16,39,19,20,37,14,23,181,61,120
E02001611,16,23,42,14,28,35,19,16,238,78,160
E02001612,9,17,32,15,17,24,14,10,104,35,69
E02001613,11,24,46,16,30,47,16,31,220,56,164
E02001614,19,30,53,19,34,49,18,31,269,86,183
E02001615,14,24,37,19,18,47,16,31,217,79,138
E02001616,11,20,32,14,18,35,15,20,229,80,149
E02001617,12,12,12,4,8,12,1,11,66,22,44
E02001618,20,22,32,16,16,33,15,18,168,59,109
E02001619,27,18,40,16,24,45,15,30,226,66,160
E02001620,12,16,22,10,12,19,5,14,94,31,63
E02001621,10,13,18,10,8,19,6,13,110,30,80
E02001622,16,20,37,17,20,31,13,18,163,46,117
E02001623,7,21,29,12,17,35,13,22,191,58,133
E02001624,12,18,17,9,8,17,3,14,114,41,73
E02001625,8,28,24,11,13,31,13,18,168,52,116
E02001626,9,16,22,10,12,17,6,11,92,25,67
E02001627,6,5,16,9,7,17,3,14,57,24,33
E02001628,14,6,22,12,10,22,13,9,73,22,51
E02001629,12,27,36,17,19,22,6,16,136,61,75
E02001630,12,12,11,7,4,23,13,10,122,37,85
E02001631,23,19,36,19,17,35,14,21,189,60,129
E02001632,16,16,25,15,10,26,15,11,121,55,66
E02001633,30,22,50,18,32,46,25,21,204,59,145
E02001634,9,22,24,13,11,24,8,16,179,60,119
E02001635,14,19,62,29,33,28,11,17,201,58,143
E02001636,17,23,37,21,16,25,11,14,160,51,109
E02001637,4,9,24,12,12,12,6,6,74,27,47
E02001638,6,3,11,6,5,7,2,5,61,15,46
E02001639,15,12,29,13,16,24,10,14,175,48,127
E02001640,5,8,26,9,17,16,3,13,169,38,131
E02001642,14,26,31,17,14,30,13,17,224,63,161
E02001643,27,32,48,19,29,42,21,21,211,81,130
E02001646,9,14,20,9,11,24,5,19,112,35,77
E02001647,28,23,30,10,20,31,10,21,229,69,160
E02001648,12,18,24,6,18,34,9,25,181,52,129
E02001649,11,23,39,12,27,27,9,18,180,57,123
E02001650,6,9,10,6,4,21,10,11,113,31,82
E02001651,29,31,52,26,26,45,26,19,229,90,139
E02001652,7,9,18,13,5,20,9,11,72,32,40
E02001653,8,15,25,11,14,14,7,7,96,31,65
E02001654,5,24,36,7,29,18,11,7,175,61,114
E02001655,19,23,36,11,25,28,9,19,218,69,149
E02001656,15,16,24,14,10,25,6,19,115,34,81
E02001657,17,16,20,8,12,25,9,16,172,51,121
E02001658,9,12,24,10,14,16,4,12,101,37,64
E02001659,14,25,33,16,17,42,13,29,186,63,123
E02001660,13,15,32,13,19,25,10,15,217,52,165
E02001661,24,29,31,14,17,40,18,22,198,59,139
E02001662,21,19,41,13,28,61,17,44,300,103,197
E02001663,6,16,17,5,12,30,13,17,104,40,64
E02001664,16,24,27,12,15,35,17,18,113,42,71
E02001665,18,39,47,23,24,58,20,38,298,98,200
E02001666,11,16,30,12,18,11,4,7,127,38,89
E02001669,13,18,22,8,14,25,14,11,159,52,107
E02001670,24,39,36,10,26,48,19,29,162,57,105
E02001671,12,24,27,11,16,32,13,19,125,45,80
E02001672,28,31,51,26,25,48,27,21,234,78,156
E02001673,12,11,9,3,6,14,6,8,92,36,56
E02001674,21,43,71,25,46,58,21,37,340,113,227
E02001675,22,21,41,12,29,41,15,26,195,63,132
E02001676,18,29,34,10,24,32,12,20,202,68,134
E02001678,32,59,69,35,34,66,31,35,375,129,246
E02001679,13,34,46,16,30,44,22,22,192,57,135
E02001680,22,29,29,15,14,38,8,30,206,65,141
E02001681,15,24,40,19,21,51,21,30,236,94,142
E02001682,19,26,33,15,18,42,20,22,184,67,117
E02001683,16,30,35,12,23,40,11,29,219,77,142
E02001684,13,13,20,9,11,26,11,15,134,36,98
E02001685,18,19,32,16,16,28,11,17,174,54,120
E02001686,10,22,37,13,24,32,13,19,200,53,147
E02001688,7,13,20,7,13,25,12,13,114,30,84
E02001689,11,18,27,12,15,30,11,19,152,47,105
E02001690,14,28,27,14,13,32,14,18,148,50,98
E02001691,6,12,27,14,13,28,15,13,116,41,75
E02001692,6,7,18,11,7,17,2,15,57,27,30
E02001693,12,27,29,15,14,22,9,13,149,53,96
E02001694,15,17,36,12,24,21,10,11,125,35,90
E02001695,6,17,25,10,15,18,8,10,94,36,58
E02001696,22,54,72,25,47,54,25,29,199,89,110
E02001697,16,18,27,7,20,44,18,26,224,72,152
E02001698,23,25,44,18,26,43,13,30,213,94,119
E02001699,15,22,34,9,25,35,18,17,133,49,84
E02001700,22,24,40,18,22,28,15,13,213,65,148
E02001701,27,30,30,16,14,46,21,25,221,55,166
E02001702,15,26,32,11,21,34,10,24,144,45,99
E02001703,13,19,31,8,23,30,13,17,137,54,83
E02001704,12,21,36,8,28,35,9,26,131,52,79
E02001705,29,30,33,11,22,34,13,21,166,51,115
E02001706,9,22,27,10,17,33,13,20,158,47,111
E02001707,17,34,45,15,30,46,21,25,218,60,158
E02001708,17,22,36,17,19,22,6,16,169,53,116
E02001709,28,39,60,25,35,57,27,30,283,105,178
E02001710,19,38,60,24,36,44,17,27,256,82,174
E02001711,22,34,40,11,29,43,16,27,222,63,159
E02001712,14,32,45,16,29,46,16,30,302,101,201
E02001713,28,44,66,33,33,41,15,26,304,102,202
E02001714,16,29,53,18,35,40,19,21,279,84,195
E02001715,21,31,31,14,17,44,20,24,212,62,150
E02001718,10,21,29,14,15,17,6,11,100,36,64
E02001719,22,35,41,18,23,42,18,24,185,62,123
E02001720,3,14,20,5,15,20,8,12,111,32,79
E02001721,17,32,49,17,32,58,23,35,255,79,176
E02001722,31,37,55,15,40,61,24,37,271,82,189
E02001723,9,25,24,9,15,26,7,19,151,43,108
E02001724,6,14,17,9,8,17,4,13,174,40,134
E02001725,10,18,12,2,10,22,5,17,143,48,95
E02001726,29,38,39,14,25,53,11,42,252,75,177
E02001727,19,33,47,19,28,44,14,30,156,41,115
E02001728,20,17,33,13,20,41,19,22,164,61,103
E02001729,11,10,23,11,12,24,9,15,126,42,84
E02001730,15,13,25,7,18,20,8,12,110,44,66
E02001731,8,11,24,4,20,27,6,21,104,27,77
E02001732,6,16,21,9,12,14,3,11,95,21,74
E02001733,20,19,35,11,24,34,15,19,177,54,123
E02001734,16,20,33,9,24,21,7,14,155,43,112
E02001735,9,16,24,5,19,25,10,15,128,31,97
E02001736,14,18,36,9,27,34,13,21,171,48,123
E02001737,18,11,18,8,10,24,8,16,149,42,107
E02001738,21,22,38,16,22,39,15,24,191,81,110
E02001739,16,25,17,6,11,31,15,16,127,44,83
E02001740,10,15,24,4,20,14,5,9,117,36,81
E02001741,29,43,62,26,36,50,13,37,242,84,158
E02001742,12,16,25,8,17,27,9,18,162,53,109
E02001743,11,21,18,9,9,17,6,11,161,36,125
E02001744,9,25,47,16,31,24,4,20,171,47,124
E02001745,10,13,21,5,16,13,5,8,80,26,54
E02001746,13,29,47,19,28,36,13,23,238,62,176
E02001747,25,33,65,25,40,42,17,25,238,79,159
E02001748,5,17,26,11,15,25,12,13,127,44,83
E02001749,12,16,26,13,13,28,8,20,113,29,84
E02001750,20,32,56,20,36,33,10,23,220,70,150
E02001751,16,31,35,18,17,42,16,26,164,56,108
E02001752,15,17,26,12,14,16,7,9,105,37,68
E02001753,16,23,46,17,29,40,10,30,225,75,150
E02001754,19,32,40,13,27,32,14,18,207,56,151
E02001755,20,34,32,12,20,41,19,22,206,74,132
E02001756,22,37,56,18,38,32,16,16,198,69,129
E02001757,9,27,29,15,14,32,16,16,150,42,108
E02001758,5,12,9,2,7,18,8,10,42,14,28
E02001759,10,28,25,6,19,39,13,26,162,44,118
E02001760,11,14,25,11,14,22,8,14,153,29,124
E02001761,17,22,19,7,12,20,8,12,135,37,98
E02001762,12,16,23,7,16,13,6,7,69,27,42
E02001763,3,25,33,14,19,35,11,24,153,46,107
E02001764,14,22,29,8,21,30,15,15,105,23,82
E02001765,9,26,27,13,14,31,10,21,189,40,149
E02001766,7,14,25,9,16,17,7,10,94,26,68
E02001767,14,15,31,9,22,21,9,12,168,52,116
E02001768,13,19,26,10,16,30,15,15,142,44,98
E02001769,15,16,35,18,17,34,9,25,156,39,117
E02001770,18,27,30,11,19,41,14,27,203,58,145
E02001771,21,30,41,19,22,31,10,21,252,67,185
E02001772,13,19,25,10,15,19,7,12,144,50,94
E02001773,15,35,20,8,12,32,11,21,138,42,96
E02001774,6,9,17,7,10,19,7,12,120,33,87
E02001775,7,29,27,10,17,27,9,18,213,57,156
E02001776,14,25,33,14,19,23,7,16,163,48,115
E02001777,14,23,25,10,15,32,12,20,132,41,91
E02001778,14,21,27,12,15,30,11,19,131,33,98
E02001779,11,16,23,9,14,24,10,14,132,36,96
E02001780,8,19,27,10,17,16,6,10,127,36,91
E02001781,16,19,42,19,23,34,8,26,160,56,104
E02001782,24,43,62,18,44,46,19,27,270,84,186
E02001783,6,24,19,6,13,22,9,13,116,45,71
E02001784,15,17,28,9,19,41,9,32,159,43,116
E02001785,24,36,54,19,35,47,10,37,177,58,119
E02001786,18,31,42,13,29,32,14,18,167,51,116
E02001787,8,19,10,2,8,23,4,19,63,12,51
E02001788,7,11,18,4,14,21,11,10,94,32,62
E02001789,18,28,37,10,27,34,10,24,148,55,93
E02001790,25,24,39,12,27,41,15,26,180,57,123
E02001791,24,30,33,11,22,37,12,25,129,42,87
E02001792,31,35,50,20,30,43,17,26,269,87,182
E02001793,17,25,38,14,24,36,9,27,107,22,85
E02001794,17,34,35,17,18,32,12,20,223,70,153
E02001795,21,18,29,16,13,21,4,17,172,46,126
E02001796,21,26,40,11,29,43,18,25,173,63,110
E02001797,10,13,16,8,8,16,9,7,120,45,75
E02001798,15,31,47,15,32,49,21,28,159,45,114
E02001799,8,28,31,15,16,34,12,22,182,48,134
E02001800,6,11,18,6,12,13,3,10,83,26,57
E02001801,9,14,23,7,16,18,4,14,90,27,63
E02001802,14,13,21,12,9,17,6,11,80,17,63
E02001803,9,20,20,5,15,23,13,10,103,32,71
E02001804,20,15,28,13,15,20,11,9,146,44,102
E02001805,19,27,35,17,18,30,9,21,181,54,127
E02001806,15,22,28,15,13,34,14,20,145,44,101
E02001807,7,15,22,7,15,25,9,16,77,16,61
E02001808,10,15,24,11,13,20,12,8,99,28,71
E02001809,12,17,35,11,24,33,13,20,102,37,65
E02001810,9,20,28,14,14,22,8,14,67,20,47
E02001811,21,36,47,10,37,37,14,23,214,74,140
E02001812,23,57,62,26,36,67,29,38,263,96,167
E02001813,9,23,34,14,20,27,13,14,186,66,120
E02001814,13,15,25,6,19,25,9,16,112,37,75
E02001815,10,24,23,14,9,23,10,13,110,40,70
E02001816,18,31,48,12,36,50,22,28,212,73,139
E02001817,14,30,29,13,16,36,12,24,134,43,91
E02001818,19,32,41,20,21,30,11,19,128,40,88
E02001819,17,28,26,12,14,30,11,19,142,48,94
E02001820,9,19,24,8,16,23,4,19,138,36,102
E02001821,12,12,24,9,15,19,4,15,75,22,53
E02001822,11,15,29,9,20,27,9,18,145,36,109
E02001823,16,28,18,5,13,28,11,17,131,42,89
E02001824,27,26,47,21,26,39,16,23,178,56,122
E02001825,20,20,36,12,24,36,19,17,160,49,111
E02001826,11,15,25,10,15,24,3,21,127,37,90
E02001827,25,21,49,28,21,34,13,21,190,58,132
E02001828,25,36,59,20,39,52,20,32,303,94,209
E02001829,27,25,51,27,24,43,18,25,162,75,87
E02001830,31,39,65,28,37,61,26,35,367,110,257
E02001831,31,37,63,22,41,54,16,38,264,81,183
E02001832,27,20,33,10,23,40,18,22,160,59,101
E02001833,12,20,35,19,16,32,13,19,128,48,80
E02001834,12,15,36,14,22,18,6,12,112,33,79
E02001835,14,27,38,13,25,52,14,38,252,66,186
E02001836,22,28,58,28,30,44,22,22,207,75,132
E02001837,21,23,37,11,26,31,9,22,127,45,82
E02001838,18,30,37,14,23,36,13,23,196,63,133
E02001839,5,27,36,12,24,26,6,20,190,48,142
E02001840,17,28,40,16,24,29,12,17,201,49,152
E02001841,18,16,36,15,21,27,13,14,173,62,111
E02001842,18,21,28,10,18,33,10,23,144,51,93
E02001843,15,17,20,8,12,30,7,23,133,42,91
E02001844,23,41,64,21,43,52,24,28,371,96,275
E02001845,8,4,12,5,7,9,2,7,79,21,58
E02001846,5,22,27,9,18,26,8,18,129,42,87
E02001847,18,24,46,16,30,31,8,23,162,50,112
E02001848,10,17,21,8,13,33,14,19,151,54,97
E02001849,12,12,27,6,21,28,12,16,135,42,93
E02001850,14,16,40,19,21,30,13,17,177,48,129
E02001851,23,36,44,19,25,41,12,29,185,63,122
E02001852,16,21,29,9,20,27,10,17,159,57,102
E02001854,20,23,23,8,15,42,12,30,197,70,127
E02001855,21,43,45,17,28,42,16,26,220,64,156
E02001856,14,9,11,5,6,30,12,18,97,31,66
E02001857,19,18,24,7,17,25,11,14,196,55,141
E02001858,16,12,18,7,11,19,6,13,120,46,74
E02001859,11,14,22,8,14,14,9,5,83,24,59
E02001860,9,15,21,6,15,19,3,16,91,38,53
E02001861,7,11,35,17,18,25,16,9,61,22,39
E02001862,8,9,27,7,20,26,13,13,118,47,71
E02001863,16,16,27,10,17,15,5,10,69,28,41
E02001864,12,9,13,2,11,11,4,7,62,12,50
E02001865,14,10,31,10,21,20,12,8,110,52,58
E02001866,19,10,13,10,3,9,4,5,73,32,41
E02001867,8,16,15,9,6,14,5,9,47,19,28
E02001868,11,24,33,11,22,36,18,18,175,57,118
E02001869,5,8,19,6,13,20,7,13,49,10,39
E02001870,11,17,52,24,28,26,7,19,152,43,109
E02001871,23,23,42,11,31,41,9,32,332,117,215
E02001872,10,18,53,23,30,37,6,31,267,92,175
E02001873,12,18,13,8,5,15,4,11,84,32,52
E02001874,11,20,11,5,6,21,10,11,76,33,43
E02001875,8,9,11,2,9,8,3,5,43,17,26
E02001876,4,2,9,2,7,10,4,6,37,15,22
E02001877,11,15,21,6,15,16,7,9,96,37,59
E02001878,6,4,21,7,14,23,17,6,67,33,34
E02001879,16,15,24,10,14,26,5,21,127,42,85
E02001880,7,16,29,12,17,23,10,13,92,28,64
E02001881,8,12,29,15,14,15,8,7,88,28,60
E02001882,10,23,33,12,21,36,14,22,197,57,140
E02001883,6,24,36,10,26,26,13,13,197,50,147
E02001884,7,8,15,6,9,14,6,8,60,27,33
E02001886,12,12,18,9,9,24,8,16,123,37,86
E02001888,15,10,23,10,13,25,10,15,183,40,143
E02001889,9,8,18,7,11,12,4,8,101,33,68
E02001890,19,23,36,12,24,35,11,24,187,53,134
E02001892,16,20,33,13,20,21,4,17,93,33,60
E02001893,21,27,47,16,31,39,15,24,200,61,139
E02001895,16,23,29,11,18,51,19,32,303,78,225
E02001896,10,13,17,10,7,11,6,5,56,23,33
E02001897,7,16,11,3,8,15,11,4,65,33,32
E02001898,16,20,31,11,20,19,9,10,172,53,119
E02001899,15,24,41,17,24,35,16,19,241,81,160
E02001900,14,13,31,15,16,24,13,11,108,37,71
E02001901,11,22,33,13,20,40,17,23,199,45,154
E02001902,9,7,24,11,13,21,5,16,115,34,81
E02001903,10,4,10,7,3,14,9,5,43,18,25
E02001904,9,10,17,12,5,18,9,9,90,29,61
E02001905,9,9,18,5,13,28,8,20,134,46,88
E02001906,25,22,37,14,23,35,17,18,192,59,133
E02001907,20,31,30,14,16,44,12,32,251,83,168
E02001908,4,9,22,11,11,18,10,8,60,33,27
E02001909,7,4,5,2,3,15,9,6,48,23,25
E02001910,5,5,16,7,9,10,4,6,52,32,20
E02001911,14,22,30,13,17,29,10,19,137,44,93
E02001913,18,22,31,13,18,24,7,17,184,39,145
E02001914,11,7,24,11,13,24,11,13,106,45,61
E02001915,18,24,42,18,24,41,13,28,233,59,174
E02001916,10,15,34,11,23,30,11,19,153,41,112
E02001918,9,22,31,12,19,23,14,9,169,45,124
E02001919,6,15,25,9,16,16,5,11,147,36,111
E02001920,9,22,24,7,17,21,8,13,121,45,76
E02001921,15,20,20,7,13,26,14,12,158,49,109
E02001922,4,4,7,2,5,11,4,7,60,17,43
E02001923,22,24,29,12,17,42,15,27,185,63,122
E02001924,12,18,32,9,23,27,13,14,144,44,100
E02001925,8,14,32,14,18,46,20,26,211,60,151
E02001926,14,18,36,11,25,32,13,19,198,56,142
E02001927,13,15,45,14,31,38,17,21,178,51,127
E02001928,10,16,22,6,16,25,8,17,133,40,93
E02001929,11,15,30,13,17,25,8,17,141,48,93
E02001930,17,14,22,13,9,16,9,7,91,28,63
E02001931,12,18,36,13,23,31,11,20,196,57,139
E02001932,17,23,30,10,20,32,14,18,144,46,98
E02001933,7,21,27,14,13,33,6,27,161,48,113
E02001934,14,21,36,16,20,31,18,13,134,41,93
E02001935,27,46,57,22,35,46,11,35,261,94,167
E02001936,10,20,32,12,20,28,10,18,151,56,95
E02001937,13,22,36,12,24,31,15,16,190,58,132
E02001938,11,18,27,5,22,21,5,16,160,40,120
E02001939,17,23,25,5,20,33,9,24,186,61,125
E02001941,8,18,38,15,23,25,11,14,164,52,112
E02001942,11,23,25,9,16,36,14,22,172,42,130
E02001943,14,12,20,7,13,15,5,10,107,27,80
E02001944,15,21,23,7,16,21,3,18,135,43,92
E02001945,10,7,17,3,14,19,4,15,100,33,67
E02001946,17,22,31,10,21,39,21,18,193,65,128
E02001947,16,18,33,10,23,37,9,28,140,36,104
E02001948,19,24,33,18,15,26,8,18,171,61,110
E02001949,10,12,22,7,15,31,13,18,122,38,84
E02001950,14,26,45,15,30,35,18,17,181,48,133
E02001951,10,19,26,13,13,34,17,17,104,42,62
E02001952,14,28,40,18,22,34,8,26,222,72,150
E02001953,15,27,35,14,21,42,16,26,185,60,125
E02001954,8,24,21,7,14,23,8,15,144,42,102
E02001955,10,10,18,7,11,24,12,12,118,36,82
E02001956,13,16,30,13,17,27,11,16,103,25,78
E02001957,20,18,28,13,15,36,17,19,133,38,95
E02001958,9,18,18,8,10,20,6,14,104,41,63
E02001959,11,19,29,13,16,39,18,21,128,50,78
E02001961,18,14,37,18,19,30,14,16,123,41,82
E02001962,4,21,18,6,12,24,11,13,99,47,52
E02001963,18,26,38,18,20,34,11,23,190,57,133
E02001964,16,21,30,11,19,27,9,18,113,42,71
E02001965,13,34,27,12,15,29,18,11,151,48,103
E02001966,10,7,22,13,9,13,8,5,54,21,33
E02001967,20,15,46,18,28,38,15,23,270,88,182
E02001968,13,11,21,9,12,18,6,12,116,37,79
E02001969,7,17,23,10,13,31,10,21,152,43,109
E02001970,14,20,35,10,25,29,14,15,173,50,123
E02001971,8,18,30,10,20,22,6,16,144,56,88
E02001972,11,11,24,11,13,8,4,4,99,30,69
E02001973,12,16,23,9,14,26,10,16,126,39,87
E02001974,16,23,45,22,23,42,20,22,271,83,188
E02001975,9,17,32,13,19,25,13,12,173,60,113
E02001976,17,32,22,12,10,24,9,15,152,52,100
E02001977,12,16,22,7,15,21,7,14,152,38,114
E02001978,9,17,21,7,14,19,9,10,101,38,63
E02001979,17,26,34,20,14,41,22,19,191,75,116
E02001980,20,25,28,15,13,25,12,13,148,45,103
E02001981,12,15,16,5,11,9,4,5,63,30,33
E02001982,19,15,33,16,17,25,14,11,122,40,82
E02001983,21,19,37,17,20,29,8,21,198,48,150
E02001984,14,23,32,10,22,31,13,18,246,76,170
E02001985,4,11,16,6,10,8,4,4,55,23,32
E02001986,17,24,38,11,27,41,10,31,184,67,117
E02001987,5,9,13,4,9,13,8,5,72,23,49
E02001988,5,15,21,5,16,25,12,13,123,37,86
E02001989,13,14,14,3,11,25,17,8,106,32,74
E02001990,21,16,39,11,28,39,17,22,225,74,151
E02001991,18,28,33,12,21,45,10,35,316,95,221
E02001992,12,15,19,7,12,27,16,11,185,61,124
E02001993,14,22,34,13,21,28,9,19,207,69,138
E02001994,23,23,36,15,21,37,13,24,241,72,169
E02001995,12,21,32,15,17,39,12,27,218,58,160
E02001996,10,20,17,6,11,23,9,14,112,47,65
E02001997,30,45,68,38,30,69,36,33,304,110,194
E02001998,14,18,40,14,26,24,11,13,199,75,124
E02001999,14,19,30,14,16,32,13,19,166,60,106
E02002000,17,18,38,15,23,27,15,12,114,40,74
E02002001,19,25,32,15,17,28,8,20,160,48,112
E02002002,23,42,45,21,24,40,18,22,237,90,147
E02002003,30,43,55,23,32,49,24,25,219,71,148
E02002004,12,16,32,16,16,28,8,20,166,41,125
E02002005,9,19,26,11,15,31,14,17,112,34,78
E02002006,10,11,34,12,22,18,8,10,89,28,61
E02002007,21,30,71,26,45,55,30,25,180,55,125
E02002008,8,14,26,6,20,24,9,15,89,23,66
E02002009,6,9,10,5,5,15,7,8,98,29,69
E02002010,16,33,23,6,17,47,18,29,208,69,139
E02002011,11,26,39,12,27,27,12,15,163,47,116
E02002012,15,29,34,11,23,40,11,29,169,50,119
E02002013,28,32,39,10,29,37,12,25,213,65,148
E02002014,13,23,28,11,17,28,13,15,134,54,80
E02002015,18,20,39,19,20,17,9,8,139,43,96
E02002016,11,24,38,16,22,34,17,17,120,41,79
E02002017,11,26,39,14,25,36,15,21,174,58,116
E02002018,29,35,61,22,39,47,26,21,216,92,124
E02002019,13,24,34,10,24,28,11,17,147,50,97
E02002020,23,23,39,17,22,52,26,26,195,55,140
E02002021,8,19,18,10,8,16,5,11,124,30,94
E02002022,14,19,32,13,19,30,13,17,157,48,109
E02002023,8,12,19,6,13,15,3,12,74,29,45
E02002024,27,32,38,15,23,30,10,20,189,58,131
E02002025,9,28,35,17,18,28,6,22,149,50,99
E02002026,7,14,19,11,8,16,7,9,77,19,58
E02002027,3,8,10,3,7,7,2,5,41,13,28
E02002028,19,23,34,15,19,36,15,21,231,48,183
E02002029,22,30,45,20,25,25,13,12,178,63,115
E02002030,17,19,31,12,19,14,8,6,129,32,97
E02002031,4,11,22,12,10,11,8,3,69,18,51
E02002032,21,22,24,7,17,25,11,14,199,56,143
E02002033,12,24,37,12,25,38,11,27,212,65,147
E02002034,12,19,35,9,26,36,17,19,187,75,112
E02002035,19,29,40,20,20,36,13,23,248,75,173
E02002036,6,14,29,11,18,29,11,18,113,43,70
E02002037,10,22,31,14,17,12,3,9,172,52,120
E02002038,20,26,24,11,13,39,16,23,218,76,142
E02002039,21,19,28,7,21,36,15,21,211,46,165
E02002040,17,21,36,13,23,48,22,26,211,69,142
E02002041,22,33,40,20,20,43,22,21,168,60,108
E02002042,28,39,58,22,36,54,28,26,199,78,121
E02002043,23,16,21,10,11,37,15,22,176,45,131
E02002044,10,23,29,9,20,34,13,21,133,33,100
E02002045,7,30,44,17,27,38,17,21,105,33,72
E02002046,7,9,14,7,7,7,2,5,49,18,31
E02002047,16,25,28,7,21,39,17,22,206,50,156
E02002048,15,20,55,19,36,32,15,17,181,62,119
E02002049,8,10,9,0,9,7,2,5,46,10,36
E02002051,17,16,13,8,5,11,3,8,65,19,46
E02002052,20,29,40,14,26,38,14,24,248,77,171
E02002053,15,23,39,13,26,34,18,16,132,55,77
E02002054,12,18,39,16,23,21,11,10,135,40,95
E02002055,14,27,39,14,25,38,15,23,164,57,107
E02002056,13,25,33,11,22,33,15,18,167,50,117
E02002057,21,27,40,13,27,39,8,31,222,41,181
E02002058,9,21,35,15,20,28,8,20,181,48,133
E02002059,23,27,41,22,19,48,17,31,238,75,163
E02002060,17,20,25,9,16,26,14,12,84,30,54
E02002061,12,16,32,15,17,21,9,12,126,46,80
E02002062,16,20,30,11,19,19,7,12,187,51,136
E02002063,14,9,32,10,22,31,10,21,129,48,81
E02002064,20,25,45,12,33,53,20,33,215,75,140
E02002065,11,16,34,16,18,27,10,17,149,51,98
E02002066,13,20,28,10,18,23,8,15,103,37,66
E02002067,12,13,22,10,12,21,6,15,112,34,78
E02002068,12,14,21,12,9,29,11,18,111,37,74
E02002069,10,11,23,6,17,18,9,9,127,40,87
E02002070,11,33,36,9,27,27,7,20,213,58,155
E02002071,11,10,24,10,14,18,5,13,123,35,88
E02002072,14,19,38,19,19,38,15,23,144,47,97
E02002073,18,20,32,12,20,28,11,17,199,60,139
E02002074,17,29,30,14,16,30,13,17,188,54,134
E02002075,15,37,36,11,25,36,18,18,217,58,159
E02002076,10,15,27,10,17,40,16,24,167,44,123
E02002077,11,28,47,21,26,43,16,27,234,65,169
E02002078,17,28,32,16,16,39,16,23,179,58,121
E02002079,23,29,42,14,28,51,20,31,312,100,212
E02002080,11,30,35,12,23,25,8,17,205,57,148
E02002081,17,24,33,15,18,32,12,20,157,59,98
E02002082,5,5,10,7,3,12,2,10,62,22,40
E02002083,24,28,40,16,24,39,12,27,196,80,116
E02002084,7,14,24,9,15,15,3,12,119,30,89
E02002085,17,32,24,10,14,28,10,18,105,39,66
E02002086,6,20,15,6,9,20,9,11,83,23,60
E02002087,10,16,13,6,7,16,5,11,61,23,38
E02002088,10,14,21,8,13,20,8,12,97,33,64
E02002089,17,15,36,20,16,26,17,9,169,48,121
E02002090,9,19,29,15,14,32,15,17,110,33,77
E02002091,25,43,73,37,36,60,30,30,259,112,147
E02002092,17,38,48,16,32,45,17,28,260,83,177
E02002093,19,19,38,15,23,36,14,22,241,49,192
E02002094,13,17,48,18,30,47,20,27,245,70,175
E02002095,18,29,35,16,19,23,11,12,196,62,134
E02002096,36,66,67,29,38,67,26,41,442,140,302
E02002097,14,19,41,17,24,39,16,23,186,64,122
E02002098,34,49,53,26,27,58,21,37,299,103,196
E02002099,33,26,49,21,28,56,24,32,286,95,191
E02002101,12,26,44,22,22,35,14,21,179,52,127
E02002102,22,38,60,23,37,67,36,31,297,84,213
E02002103,25,42,56,27,29,54,21,33,217,83,134
E02002104,7,17,21,8,13,16,5,11,86,35,51
E02002105,25,21,37,13,24,42,16,26,181,65,116
E02002106,29,40,64,27,37,64,23,41,384,120,264
E02002107,6,11,16,10,6,13,7,6,93,25,68
E02002108,19,37,64,34,30,37,9,28,280,103,177
E02002109,14,17,21,11,10,20,9,11,84,22,62
E02002110,5,15,20,7,13,14,10,4,100,33,67
E02002111,10,19,25,5,20,24,8,16,129,37,92
E02002112,9,7,32,18,14,28,13,15,102,37,65
E02002113,11,13,31,15,16,21,7,14,145,38,107
E02002114,15,22,43,12,31,33,11,22,185,67,118
E02002115,14,27,40,15,25,37,13,24,184,62,122
E02002116,17,22,40,13,27,42,21,21,135,56,79
E02002117,11,18,18,11,7,17,8,9,124,36,88
E02002118,27,24,43,17,26,28,13,15,157,45,112
E02002119,14,27,30,14,16,20,6,14,126,51,75
E02002120,5,16,13,1,12,16,5,11,70,22,48
E02002121,14,25,21,10,11,20,2,18,218,62,156
E02002122,12,9,12,5,7,13,3,10,73,31,42
E02002123,13,17,36,15,21,30,7,23,127,23,104
E02002124,31,40,48,19,29,46,17,29,269,80,189
E02002125,18,20,29,8,21,31,4,27,171,52,119
E02002126,8,18,28,8,20,23,8,15,107,28,79
E02002127,11,7,24,12,12,16,4,12,127,29,98
E02002128,8,20,22,4,18,18,5,13,88,29,59
E02002129,15,16,18,6,12,23,9,14,113,42,71
E02002130,11,31,22,5,17,26,13,13,98,34,64
E02002131,24,29,43,23,20,38,14,24,203,77,126
E02002132,14,17,40,14,26,35,12,23,171,51,120
E02002133,10,28,40,19,21,21,7,14,134,42,92
E02002134,8,13,22,8,14,19,4,15,121,33,88
E02002135,8,12,21,10,11,19,4,15,99,21,78
E02002136,7,10,17,7,10,11,5,6,102,27,75
E02002137,34,39,45,21,24,42,22,20,222,93,129
E02002138,12,17,26,8,18,23,11,12,113,40,73
E02002139,7,17,31,9,22,21,10,11,142,33,109
E02002140,7,18,18,8,10,25,9,16,156,45,111
E02002141,11,11,28,13,15,26,12,14,103,30,73
E02002142,14,7,21,8,13,18,6,12,103,26,77
E02002143,13,14,23,7,16,25,13,12,101,41,60
E02002144,25,23,48,19,29,48,20,28,148,61,87
E02002145,4,10,16,7,9,22,10,12,107,26,81
E02002146,12,15,23,13,10,19,8,11,148,41,107
E02002147,16,16,24,10,14,28,11,17,147,50,97
E02002148,41,36,60,21,39,45,17,28,229,83,146
E02002149,27,32,44,20,24,42,16,26,287,101,186
E02002150,8,14,20,11,9,24,10,14,143,47,96
E02002151,3,16,16,5,11,18,7,11,79,23,56
E02002152,2,9,28,10,18,33,13,20,105,34,71
E02002153,23,33,55,26,29,33,12,21,114,55,59
E02002154,5,16,26,9,17,32,17,15,115,43,72
E02002155,4,13,15,6,9,11,6,5,52,12,40
E02002156,26,37,42,17,25,43,16,27,243,93,150
E02002157,26,31,42,21,21,43,25,18,239,89,150
E02002158,32,23,45,14,31,47,19,28,215,70,145
E02002159,8,7,17,10,7,9,3,6,34,11,23
E02002160,15,18,24,11,13,23,10,13,110,36,74
E02002161,7,10,14,10,4,8,4,4,60,27,33
E02002162,34,48,79,33,46,72,28,44,397,127,270
E02002163,5,24,28,9,19,24,10,14,134,47,87
E02002164,8,4,6,3,3,12,5,7,71,29,42
E02002165,8,14,22,8,14,21,11,10,177,55,122
E02002166,17,40,34,14,20,28,14,14,161,56,105
E02002167,20,32,45,13,32,41,20,21,242,77,165
E02002168,25,15,34,12,22,28,14,14,144,48,96
E02002169,21,43,72,29,43,49,20,29,364,113,251
E02002170,9,11,30,15,15,15,2,13,79,29,50
E02002171,19,20,33,11,22,26,9,17,152,54,98
E02002174,26,29,43,13,30,48,16,32,215,66,149
E02002175,9,12,37,16,21,30,13,17,154,45,109
E02002176,20,25,31,9,22,19,9,10,233,75,158
E02002177,13,29,32,14,18,34,7,27,159,49,110
E02002178,21,33,43,16,27,40,19,21,245,71,174
E02002179,19,30,50,22,28,32,10,22,176,54,122
E02002180,20,25,39,20,19,40,18,22,145,45,100
E02002181,11,19,23,13,10,31,12,19,131,44,87
E02002182,12,14,39,14,25,18,4,14,152,42,110
E02002183,17,28,40,20,20,48,17,31,211,66,145
E02002184,47,58,125,42,83,98,37,61,657,177,480
E02002185,13,17,24,13,11,31,13,18,151,40,111
E02002186,37,45,62,20,42,75,34,41,381,113,268
E02002187,23,18,33,12,21,33,15,18,178,64,114
E02002188,14,16,30,14,16,46,17,29,184,70,114
E02002189,18,19,34,16,18,36,17,19,204,58,146
E02002190,10,13,28,13,15,30,17,13,198,68,130
E02002191,11,31,30,10,20,21,7,14,152,54,98
E02002192,14,42,50,19,31,37,14,23,252,91,161
E02002193,12,24,23,12,11,35,14,21,148,39,109
E02002194,10,19,34,13,21,20,9,11,164,52,112
E02002195,20,28,34,17,17,21,8,13,183,62,121
E02002196,7,17,16,9,7,10,2,8,99,30,69
E02002197,15,26,46,20,26,42,19,23,229,67,162
E02002198,6,15,47,15,32,44,12,32,224,68,156
E02002199,9,9,20,7,13,28,14,14,117,38,79
E02002200,22,29,52,19,33,46,11,35,265,79,186
E02002201,19,40,40,16,24,33,12,21,227,70,157
E02002202,11,20,25,13,12,26,7,19,192,56,136
E02002203,14,22,26,9,17,28,8,20,110,28,82
E02002204,26,35,52,22,30,46,17,29,262,77,185
E02002205,20,31,32,15,17,40,19,21,206,68,138
E02002206,19,19,36,12,24,33,14,19,155,58,97
E02002207,4,9,23,7,16,17,5,12,133,48,85
E02002208,14,31,37,16,21,35,16,19,120,31,89
E02002209,6,11,20,11,9,13,3,10,62,22,40
E02002210,15,18,39,9,30,29,11,18,145,57,88
E02002211,2,16,20,5,15,21,9,12,184,61,123
E02002212,9,12,18,14,4,18,9,9,111,32,79
E02002213,5,18,15,5,10,28,8,20,134,51,83
E02002214,4,16,27,11,16,27,18,9,111,35,76
E02002215,9,7,12,2,10,21,11,10,99,34,65
E02002216,13,5,15,4,11,16,10,6,97,32,65
E02002217,9,23,30,7,23,19,7,12,164,48,116
E02002218,17,20,31,12,19,32,17,15,106,31,75
E02002219,2,5,18,9,9,15,6,9,74,31,43
E02002220,6,10,17,7,10,27,12,15,114,36,78
E02002221,8,11,24,10,14,15,5,10,109,28,81
E02002222,11,17,28,11,17,34,13,21,176,47,129
E02002223,6,7,10,6,4,12,5,7,45,17,28
E02002224,9,8,22,13,9,10,3,7,78,26,52
E02002225,12,23,25,13,12,25,10,15,178,46,132
E02002226,9,12,22,10,12,19,10,9,79,34,45
E02002227,3,8,11,3,8,11,5,6,53,25,28
E02002228,10,28,23,11,12,13,4,9,91,30,61
E02002229,15,29,31,14,17,27,13,14,181,52,129
E02002230,3,7,9,4,5,15,3,12,69,22,47
E02002231,16,18,39,14,25,38,13,25,160,54,106
E02002232,6,17,22,6,16,29,13,16,129,33,96
E02002233,8,14,14,5,9,16,8,8,66,20,46
E02002234,11,9,19,7,12,32,10,22,120,24,96
E02002235,9,10,21,6,15,7,2,5,63,21,42
E02002236,7,24,33,11,22,34,11,23,123,48,75
E02002237,8,21,24,10,14,21,6,15,151,46,105
E02002238,17,28,34,11,23,21,9,12,100,35,65
E02002239,8,15,23,12,11,36,13,23,145,43,102
E02002240,14,25,28,10,18,32,15,17,163,60,103
E02002241,28,33,32,16,16,37,9,28,203,73,130
E02002242,11,25,32,12,20,44,12,32,185,47,138
E02002243,25,36,31,12,19,36,11,25,134,38,96
E02002244,4,15,17,8,9,31,12,19,136,41,95
E02002245,9,13,12,1,11,13,6,7,39,9,30
E02002246,18,30,48,26,22,58,22,36,224,87,137
E02002247,15,17,22,8,14,38,12,26,155,49,106
E02002248,5,10,15,4,11,18,5,13,90,26,64
E02002249,6,8,17,7,10,12,3,9,59,17,42
E02002250,14,40,39,13,26,33,12,21,177,60,117
E02002251,13,28,45,17,28,40,10,30,230,61,169
E02002252,7,17,19,7,12,34,15,19,142,49,93
E02002253,7,14,32,14,18,33,15,18,136,47,89
E02002254,10,14,35,16,19,19,8,11,142,37,105
E02002255,10,20,13,8,5,18,12,6,112,33,79
E02002256,11,22,47,14,33,36,13,23,244,75,169
E02002257,2,4,17,7,10,14,4,10,70,25,45
E02002258,15,19,35,13,22,40,12,28,254,69,185
E02002259,17,40,36,13,23,26,11,15,164,69,95
E02002260,9,30,44,15,29,41,14,27,199,58,141
E02002261,17,16,40,15,25,30,11,19,147,39,108
E02002262,20,36,37,17,20,47,18,29,216,69,147
E02002263,11,14,29,7,22,27,7,20,115,34,81
E02002264,18,23,35,13,22,49,17,32,231,61,170
E02002265,16,29,24,7,17,29,8,21,154,48,106
E02002266,16,15,26,11,15,33,8,25,137,44,93
E02002267,15,32,42,18,24,27,8,19,188,44,144
E02002268,15,24,44,21,23,50,19,31,254,61,193
E02002269,18,21,35,12,23,28,7,21,179,50,129
E02002270,10,13,20,4,16,25,12,13,100,28,72
E02002271,15,26,29,16,13,30,14,16,168,48,120
E02002272,10,15,33,11,22,23,7,16,164,41,123
E02002273,13,19,33,9,24,25,9,16,112,35,77
E02002274,13,14,26,12,14,25,11,14,136,42,94
E02002275,13,31,28,14,14,36,18,18,177,54,123
E02002276,12,22,22,9,13,25,8,17,134,39,95
E02002277,14,19,25,10,15,24,10,14,115,37,78
E02002278,8,13,18,7,11,29,11,18,130,36,94
E02002279,6,19,20,5,15,13,2,11,130,35,95
E02002280,14,11,25,8,17,16,6,10,111,32,79
E02002281,14,24,53,17,36,34,14,20,203,58,145
E02002282,11,12,14,8,6,16,4,12,76,29,47
E02002283,8,10,9,8,1,14,10,4,58,18,40
E02002284,12,19,33,18,15,33,17,16,108,33,75
E02002285,18,12,27,8,19,38,12,26,159,50,109
E02002286,9,14,16,8,8,12,4,8,91,30,61
E02002287,9,14,26,7,19,17,5,12,174,30,144
E02002288,5,12,44,15,29,24,11,13,179,56,123
E02002289,3,5,11,6,5,16,2,14,55,23,32
E02002290,24,16,38,10,28,22,10,12,135,46,89
E02002291,16,16,20,10,10,29,10,19,163,51,112
E02002292,9,17,32,16,16,22,8,14,138,53,85
E02002293,9,15,20,7,13,22,4,18,71,22,49
E02002294,9,10,16,8,8,14,6,8,96,27,69
E02002295,10,16,22,6,16,16,6,10,64,26,38
E02002296,14,26,37,15,22,39,10,29,191,61,130
E02002297,17,24,26,8,18,21,12,9,133,63,70
E02002298,18,18,25,8,17,33,11,22,136,42,94
E02002299,7,19,18,6,12,13,4,9,137,37,100
E02002300,25,32,37,14,23,38,18,20,163,60,103
E02002301,9,21,26,9,17,17,6,11,68,29,39
E02002302,11,11,20,6,14,23,11,12,109,33,76
E02002303,16,26,23,13,10,26,10,16,189,44,145
E02002304,9,25,25,5,20,21,8,13,188,70,118
E02002305,11,11,34,5,29,25,9,16,96,27,69
E02002306,9,17,22,8,14,20,6,14,99,32,67
E02002307,12,17,28,11,17,27,11,16,116,34,82
E02002308,13,15,20,7,13,23,8,15,104,34,70
E02002309,15,28,19,8,11,26,11,15,145,48,97
E02002310,10,18,33,9,24,25,8,17,158,46,112
E02002311,13,26,31,15,16,22,6,16,143,45,98
E02002312,16,14,22,8,14,13,7,6,115,41,74
E02002313,9,13,14,7,7,20,15,5,62,23,39
E02002314,14,19,39,19,20,39,17,22,167,68,99
E02002315,8,18,21,9,12,17,6,11,104,29,75
E02002316,11,15,19,6,13,33,12,21,135,33,102
E02002317,13,22,34,12,22,28,11,17,119,55,64
E02002318,11,25,29,10,19,26,7,19,175,35,140
E02002319,17,15,39,21,18,24,8,16,139,42,97
E02002320,14,20,38,15,23,30,12,18,164,53,111
E02002321,13,27,21,7,14,25,11,14,125,46,79
E02002322,10,15,24,11,13,24,8,16,104,34,70
E02002323,18,25,38,15,23,35,14,21,200,70,130
E02002324,9,23,23,12,11,23,6,17,170,58,112
E02002325,15,27,35,14,21,40,13,27,251,67,184
E02002326,8,16,23,7,16,19,11,8,110,41,69
E02002327,17,26,37,12,25,34,17,17,179,53,126
E02002328,14,20,34,17,17,30,10,20,181,42,139
E02002329,18,29,30,13,17,26,9,17,201,68,133
E02002330,16,18,40,24,16,18,7,11,145,48,97
E02002331,10,27,31,7,24,32,11,21,219,63,156
E02002332,16,19,27,6,21,22,10,12,153,49,104
E02002333,13,38,37,10,27,51,16,35,281,80,201
E02002334,24,16,39,16,23,36,13,23,218,68,150
E02002335,20,20,30,12,18,45,20,25,185,71,114
E02002336,22,27,34,11,23,36,21,15,182,59,123
E02002337,8,23,33,16,17,25,10,15,115,35,80
E02002338,7,24,37,14,23,54,24,30,189,56,133
E02002339,12,23,33,11,22,30,15,15,187,49,138
E02002340,9,10,33,9,24,28,13,15,155,50,105
E02002341,26,32,49,22,27,42,20,22,223,98,125
E02002342,16,29,38,17,21,33,11,22,134,57,77
E02002343,14,8,18,4,14,26,8,18,107,26,81
E02002344,25,27,29,8,21,44,19,25,262,89,173
E02002345,15,21,40,15,25,34,13,21,168,67,101
E02002346,14,25,23,10,13,27,10,17,141,52,89
E02002347,15,22,32,11,21,32,10,22,186,55,131
E02002348,17,27,45,18,27,30,14,16,267,85,182
E02002349,7,20,28,10,18,32,13,19,210,78,132
E02002350,15,21,35,20,15,34,16,18,142,52,90
E02002351,18,20,27,11,16,34,18,16,107,39,68
E02002352,21,25,41,15,26,38,11,27,247,92,155
E02002353,3,11,19,5,14,14,7,7,103,39,64
E02002354,20,28,49,24,25,49,24,25,241,99,142
E02002356,16,33,37,13,24,34,13,21,177,51,126
E02002357,11,26,36,17,19,29,13,16,173,51,122
E02002358,8,24,31,9,22,23,7,16,153,47,106
E02002359,23,24,38,14,24,40,18,22,153,61,92
E02002360,15,21,23,12,11,19,6,13,119,30,89
E02002361,15,21,29,9,20,19,8,11,152,46,106
E02002362,14,40,26,9,17,31,13,18,170,47,123
E02002363,8,24,25,11,14,26,11,15,138,45,93
E02002364,19,23,25,5,20,31,10,21,178,55,123
E02002366,14,28,32,12,20,45,12,33,260,82,178
E02002367,9,10,12,5,7,13,4,9,55,20,35
E02002368,19,21,34,11,23,27,14,13,156,55,101
E02002369,7,21,20,8,12,34,12,22,142,42,100
E02002370,12,19,25,8,17,25,10,15,135,51,84
E02002371,20,18,31,11,20,28,14,14,106,43,63
E02002373,3,5,17,5,12,6,1,5,78,23,55
E02002374,5,20,22,10,12,21,9,12,129,43,86
E02002375,5,11,15,10,5,13,7,6,80,24,56
E02002376,8,6,11,6,5,14,5,9,56,16,40
E02002377,3,4,13,5,8,10,5,5,43,17,26
E02002379,7,10,14,4,10,15,7,8,73,21,52
E02002380,12,22,22,8,14,23,11,12,130,50,80
E02002381,11,13,13,4,9,18,6,12,86,40,46
E02002382,4,6,9,6,3,8,6,2,40,18,22
E02002383,3,4,5,3,2,8,2,6,30,10,20
E02002384,9,11,7,5,2,17,9,8,67,21,46
E02002385,7,14,15,4,11,10,4,6,87,28,59
E02002386,27,38,66,28,38,60,26,34,282,104,178
E02002387,4,11,18,1,17,19,5,14,100,30,70
E02002388,8,14,26,7,19,21,12,9,93,24,69
E02002389,12,19,26,10,16,21,9,12,86,33,53
E02002390,16,17,25,12,13,23,7,16,104,36,68
E02002391,7,18,24,8,16,24,9,15,140,47,93
E02002392,2,2,3,1,2,9,8,1,24,9,15
E02002393,4,16,19,13,6,22,7,15,74,22,52
E02002394,5,11,9,6,3,16,8,8,74,18,56
E02002395,16,21,26,13,13,23,10,13,147,49,98
E02002396,19,17,28,8,20,26,7,19,143,42,101
E02002397,13,23,33,17,16,27,7,20,137,48,89
E02002398,23,28,53,30,23,40,21,19,194,62,132
E02002399,8,16,22,11,11,20,12,8,88,27,61
E02002400,11,14,28,9,19,27,7,20,136,38,98
E02002401,8,9,12,3,9,15,11,4,66,18,48
E02002402,10,22,21,10,11,22,7,15,80,36,44
E02002403,13,17,44,14,30,33,12,21,240,65,175
E02002404,4,6,22,11,11,24,11,13,112,30,82
E02002405,22,22,40,15,25,42,11,31,204,67,137
E02002406,18,22,26,9,17,26,11,15,93,29,64
E02002407,8,14,26,8,18,19,4,15,163,43,120
E02002408,17,43,41,15,26,33,12,21,229,65,164
E02002409,19,16,27,11,16,21,10,11,111,35,76
E02002410,19,19,30,14,16,22,5,17,164,53,111
E02002411,8,12,11,6,5,18,4,14,80,31,49
E02002412,13,14,22,11,11,14,6,8,89,27,62
E02002414,10,10,17,5,12,22,4,18,98,29,69
E02002415,2,4,10,6,4,5,2,3,27,9,18
E02002416,26,20,41,19,22,40,16,24,157,58,99
E02002417,13,15,26,13,13,20,7,13,105,28,77
E02002418,18,19,32,17,15,22,8,14,126,44,82
E02002419,12,15,41,18,23,29,14,15,141,39,102
E02002420,9,21,30,15,15,38,17,21,146,46,100
E02002421,8,15,15,6,9,18,7,11,102,36,66
E02002422,11,12,30,12,18,25,12,13,113,47,66
E02002423,8,19,19,6,13,16,11,5,98,31,67
E02002424,18,9,35,11,24,35,8,27,121,33,88
E02002425,18,25,40,11,29,28,8,20,179,50,129
E02002426,17,19,34,14,20,32,9,23,125,39,86
E02002427,11,28,36,14,22,35,16,19,180,58,122
E02002428,6,14,26,12,14,15,7,8,89,22,67
E02002429,16,18,29,5,24,30,9,21,178,60,118
E02002430,8,13,17,9,8,21,8,13,98,27,71
E02002431,14,16,12,6,6,14,4,10,92,24,68
E02002432,10,16,26,8,18,27,4,23,187,40,147
E02002433,9,19,31,7,24,27,11,16,195,46,149
E02002434,10,13,16,7,9,18,8,10,73,21,52
E02002435,14,22,33,12,21,28,13,15,142,49,93
E02002436,7,20,23,11,12,23,11,12,98,35,63
E02002437,11,15,15,8,7,23,7,16,67,24,43
E02002438,11,27,32,13,19,40,14,26,132,30,102
E02002439,12,21,26,9,17,21,7,14,177,54,123
E02002440,9,18,28,7,21,25,6,19,168,56,112
E02002441,17,37,48,19,29,28,15,13,204,52,152
E02002442,11,11,26,11,15,15,7,8,94,30,64
E02002443,3,10,16,6,10,6,3,3,53,18,35
E02002444,5,21,20,4,16,23,10,13,105,30,75
E02002445,20,22,43,15,28,44,19,25,239,69,170
E02002446,9,13,29,8,21,27,9,18,175,50,125
E02002447,17,24,23,7,16,27,10,17,163,42,121
E02002448,19,20,32,11,21,27,6,21,118,35,83
E02002449,9,15,24,5,19,24,9,15,125,35,90
E02002450,18,9,21,10,11,19,10,9,92,28,64
E02002451,19,17,44,20,24,30,12,18,205,59,146
E02002452,11,13,36,7,29,40,20,20,173,47,126
E02002453,10,26,43,21,22,37,13,24,232,63,169
E02002454,12,20,35,12,23,30,15,15,175,42,133
E02002455,11,26,21,8,13,28,12,16,155,57,98
E02002456,6,12,21,8,13,19,8,11,77,30,47
E02002457,12,15,31,6,25,27,10,17,132,50,82
E02002458,10,21,52,13,39,40,13,27,199,56,143
E02002459,6,21,26,10,16,31,15,16,168,46,122
E02002460,20,27,47,19,28,60,16,44,213,80,133
E02002461,14,18,31,18,13,34,10,24,166,44,122
E02002462,19,20,35,14,21,30,12,18,172,58,114
E02002463,9,13,28,12,16,32,10,22,148,45,103
E02002464,17,24,33,12,21,39,17,22,129,46,83
E02002465,8,18,38,13,25,41,16,25,171,67,104
E02002466,16,33,47,17,30,40,14,26,219,59,160
E02002467,4,12,17,7,10,28,16,12,112,24,88
E02002468,11,23,31,16,15,19,5,14,143,36,107
E02002469,8,14,15,8,7,16,7,9,74,22,52
E02002470,20,27,46,17,29,27,9,18,208,64,144
E02002471,22,25,51,18,33,45,20,25,221,84,137
E02002472,10,14,18,5,13,19,8,11,86,33,53
E02002473,8,10,23,10,13,23,11,12,113,50,63
E02002474,18,26,34,12,22,36,17,19,134,35,99
E02002475,12,14,27,6,21,21,11,10,141,39,102
E02002476,9,16,28,10,18,19,5,14,114,35,79
E02002477,15,12,32,15,17,27,11,16,135,46,89
E02002478,7,6,25,7,18,26,9,17,76,27,49
E02002479,12,32,36,19,17,47,22,25,167,68,99
E02002480,13,24,29,16,13,26,12,14,100,33,67
E02002481,10,9,30,14,16,21,7,14,128,46,82
E02002482,14,16,24,9,15,16,4,12,131,41,90
E02002483,13,30,23,9,14,41,20,21,128,45,83
E02002484,18,25,48,20,28,40,14,26,228,67,161
E02002485,15,16,21,7,14,30,15,15,102,34,68
E02002487,6,11,16,8,8,6,3,3,54,17,37
E02002488,21,14,28,8,20,33,11,22,151,46,105
E02002489,12,20,44,16,28,33,12,21,175,60,115
E02002490,8,13,16,7,9,18,3,15,74,26,48
E02002491,15,31,37,11,26,36,16,20,213,59,154
E02002492,16,23,30,13,17,34,11,23,168,45,123
E02002493,13,16,31,9,22,28,15,13,179,63,116
E02002494,16,22,29,7,22,25,11,14,134,44,90
E02002496,6,14,18,12,6,14,7,7,75,22,53
E02002497,4,13,17,5,12,17,7,10,88,25,63
E02002498,7,9,12,4,8,20,8,12,65,26,39
E02002499,13,31,53,11,42,44,17,27,186,60,126
E02002500,6,19,11,7,4,13,6,7,123,30,93
E02002501,9,12,17,5,12,18,8,10,65,17,48
E02002502,19,25,31,9,22,35,11,24,171,52,119
E02002503,5,9,23,6,17,16,6,10,48,16,32
E02002504,17,23,29,8,21,32,14,18,178,56,122
E02002505,13,20,29,9,20,29,12,17,94,31,63
E02002506,11,12,23,9,14,19,4,15,163,46,117
E02002507,20,26,31,13,18,31,12,19,137,41,96
E02002508,9,20,40,17,23,44,15,29,133,45,88
E02002509,10,8,26,10,16,13,7,6,103,28,75
E02002510,20,15,17,8,9,34,21,13,133,49,84
E02002512,22,16,18,8,10,26,12,14,129,56,73
E02002513,15,22,30,7,23,35,10,25,142,42,100
E02002514,11,26,43,12,31,39,14,25,200,53,147
E02002515,13,15,33,10,23,29,11,18,160,49,111
E02002516,9,13,30,11,19,22,12,10,134,39,95
E02002517,9,22,20,10,10,24,7,17,128,42,86
E02002518,31,28,43,12,31,67,26,41,236,95,141
E02002519,12,23,34,14,20,20,5,15,201,52,149
E02002520,32,40,77,46,31,72,25,47,270,98,172
E02002521,15,31,42,21,21,39,15,24,294,87,207
E02002523,4,8,16,10,6,11,1,10,35,9,26
E02002524,14,20,24,8,16,12,2,10,101,33,68
E02002525,19,26,43,14,29,49,16,33,219,65,154
E02002526,12,21,30,9,21,21,11,10,125,36,89
E02002527,12,11,33,7,26,12,8,4,114,30,84
E02002529,13,22,16,9,7,22,10,12,106,37,69
E02002530,21,23,34,12,22,19,10,9,140,44,96
E02002532,17,30,41,13,28,43,22,21,215,44,171
E02002533,16,13,26,13,13,28,23,5,137,47,90
E02002534,18,25,41,15,26,33,16,17,152,56,96
E02002535,18,17,34,14,20,23,5,18,118,39,79
E02002536,30,42,46,15,31,64,21,43,231,85,146
E02002537,13,23,34,14,20,24,7,17,142,39,103
E02002538,10,15,20,7,13,23,12,11,147,50,97
E02002539,15,15,33,17,16,33,18,15,181,60,121
E02002540,22,20,46,19,27,41,10,31,137,53,84
E02002541,19,18,24,10,14,19,11,8,108,38,70
E02002542,9,32,29,6,23,34,11,23,198,66,132
E02002543,10,23,22,6,16,25,10,15,127,32,95
E02002544,13,14,29,9,20,28,12,16,151,38,113
E02002545,15,8,25,11,14,16,7,9,84,30,54
E02002546,14,9,21,6,15,21,9,12,113,23,90
E02002547,19,35,32,15,17,30,10,20,209,82,127
E02002548,21,19,36,13,23,21,5,16,174,37,137
E02002549,22,32,43,17,26,42,18,24,219,73,146
E02002550,16,22,46,27,19,28,15,13,193,69,124
E02002551,10,12,23,12,11,18,8,10,142,41,101
E02002552,6,15,27,14,13,19,4,15,92,28,64
E02002553,12,14,32,16,16,21,8,13,138,43,95
E02002554,11,15,20,5,15,23,11,12,103,31,72
E02002555,20,24,30,7,23,43,6,37,224,87,137
E02002556,9,14,9,7,2,18,8,10,32,15,17
E02002557,5,4,12,2,10,8,1,7,39,9,30
E02002558,14,19,38,18,20,43,22,21,179,51,128
E02002559,12,15,34,21,13,30,10,20,122,54,68
E02002560,7,17,15,5,10,11,4,7,87,37,50
E02002561,19,8,30,6,24,24,8,16,98,40,58
E02002562,9,16,24,5,19,25,6,19,156,47,109
E02002563,12,30,35,19,16,37,8,29,224,59,165
E02002564,10,38,33,12,21,47,19,28,231,75,156
E02002565,12,9,16,4,12,23,9,14,85,21,64
E02002566,9,16,21,11,10,13,2,11,100,24,76
E02002567,7,26,32,12,20,30,9,21,156,52,104
E02002568,16,23,41,17,24,49,24,25,238,71,167
E02002569,34,50,71,35,36,69,30,39,400,145,255
E02002570,18,28,41,17,24,30,12,18,230,70,160
E02002571,12,7,27,13,14,22,8,14,112,40,72
E02002572,8,11,18,5,13,22,10,12,90,22,68
E02002573,17,20,32,13,19,55,22,33,221,61,160
E02002574,25,18,27,13,14,27,11,16,153,40,113
E02002575,8,15,18,11,7,24,14,10,95,25,70
E02002576,8,16,24,12,12,39,15,24,181,44,137
E02002577,16,23,45,17,28,33,11,22,148,50,98
E02002578,20,22,34,16,18,30,6,24,139,34,105
E02002579,18,18,25,12,13,31,7,24,136,36,100
E02002580,7,17,19,8,11,11,6,5,136,38,98
E02002581,14,15,33,16,17,26,9,17,99,39,60
E02002582,6,17,19,8,11,9,3,6,62,22,40
E02002583,11,20,14,4,10,27,16,11,85,28,57
E02002584,25,24,32,11,21,36,15,21,149,50,99
E02002585,19,20,47,15,32,32,10,22,201,70,131
E02002586,7,28,27,12,15,33,10,23,140,52,88
E02002587,4,8,7,4,3,8,4,4,49,23,26
E02002588,14,18,29,12,17,23,6,17,112,33,79
E02002589,12,16,22,6,16,15,8,7,94,36,58
E02002590,10,23,24,13,11,22,5,17,126,38,88
E02002591,16,24,34,14,20,43,18,25,170,56,114
E02002592,10,21,29,16,13,29,6,23,135,29,106
E02002593,11,12,19,8,11,19,10,9,83,30,53
E02002594,5,7,8,3,5,11,3,8,46,16,30
E02002595,9,29,32,10,22,26,6,20,120,42,78
E02002596,9,23,28,9,19,28,9,19,125,37,88
E02002597,14,10,17,8,9,23,10,13,156,44,112
E02002598,2,4,7,3,4,9,4,5,52,12,40
E02002599,10,17,21,13,8,28,9,19,143,49,94
E02002600,24,19,34,17,17,33,12,21,204,68,136
E02002601,27,25,46,14,32,38,15,23,161,58,103
E02002602,5,12,14,3,11,19,8,11,111,36,75
E02002603,6,14,23,6,17,17,11,6,137,37,100
E02002604,6,20,30,15,15,27,8,19,148,42,106
E02002605,12,11,21,4,17,22,11,11,81,21,60
E02002606,9,15,31,7,24,29,12,17,171,42,129
E02002607,15,31,43,23,20,45,13,32,186,66,120
E02002608,12,22,34,10,24,46,15,31,230,62,168
E02002609,15,19,31,14,17,26,7,19,161,50,111
E02002610,19,28,63,24,39,51,20,31,211,63,148
E02002611,20,27,50,18,32,49,17,32,214,58,156
E02002612,26,37,47,21,26,52,21,31,341,108,233
E02002613,7,16,26,11,15,21,6,15,105,41,64
E02002614,17,18,36,13,23,36,11,25,105,49,56
E02002615,20,40,43,13,30,46,21,25,221,80,141
E02002616,5,21,33,18,15,32,12,20,178,55,123
E02002617,6,10,16,10,6,19,6,13,90,35,55
E02002618,11,15,21,4,17,21,11,10,122,32,90
E02002619,8,15,33,16,17,28,13,15,194,43,151
E02002620,15,8,20,5,15,17,7,10,96,22,74
E02002621,4,9,12,3,9,10,3,7,58,19,39
E02002622,9,20,25,9,16,20,4,16,137,46,91
E02002623,13,18,33,11,22,38,14,24,147,45,102
E02002624,24,21,66,32,34,56,18,38,194,63,131
E02002625,7,16,23,11,12,26,5,21,123,34,89
E02002626,13,17,33,15,18,28,8,20,131,39,92
E02002627,6,13,21,9,12,5,4,1,58,15,43
E02002628,16,29,32,11,21,41,16,25,171,50,121
E02002629,10,8,14,5,9,22,4,18,89,27,62
E02002630,9,17,24,14,10,17,6,11,111,30,81
E02002631,11,21,29,13,16,29,14,15,137,49,88
E02002632,10,7,22,9,13,12,5,7,88,25,63
E02002633,26,32,75,36,39,61,22,39,345,100,245
E02002634,28,36,53,20,33,45,19,26,266,78,188
E02002635,26,47,67,26,41,92,32,60,379,125,254
E02002636,16,21,62,18,44,36,11,25,188,67,121
E02002637,14,18,36,17,19,35,14,21,172,52,120
E02002638,12,24,18,1,17,18,5,13,125,42,83
E02002639,9,14,20,11,9,15,3,12,81,26,55
E02002640,10,23,25,13,12,21,10,11,109,33,76
E02002641,11,25,36,11,25,25,10,15,205,73,132
E02002642,18,14,21,9,12,31,9,22,181,50,131
E02002643,11,21,24,11,13,26,10,16,101,30,71
E02002644,21,25,41,15,26,39,13,26,208,72,136
E02002645,4,7,12,5,7,8,4,4,73,22,51
E02002646,16,19,35,14,21,34,13,21,179,48,131
E02002647,25,13,25,12,13,24,9,15,151,40,111
E02002648,23,17,21,6,15,30,10,20,120,48,72
E02002649,21,35,33,8,25,45,24,21,350,109,241
E02002650,16,39,55,17,38,40,18,22,209,63,146
E02002651,25,32,48,18,30,48,17,31,296,70,226
E02002652,7,5,8,1,7,7,1,6,37,7,30
E02002653,12,15,30,15,15,25,8,17,118,37,81
E02002654,10,19,22,10,12,15,7,8,85,28,57
E02002655,9,13,21,8,13,18,4,14,116,39,77
E02002656,15,19,31,14,17,28,10,18,110,46,64
E02002657,10,12,15,7,8,20,9,11,75,31,44
E02002658,16,15,36,14,22,28,10,18,137,38,99
E02002659,12,30,36,13,23,48,15,33,157,57,100
E02002660,22,27,52,23,29,43,18,25,206,61,145
E02002661,19,34,73,27,46,61,26,35,317,98,219
E02002662,23,38,55,24,31,40,19,21,253,75,178
E02002663,9,10,13,6,7,16,4,12,46,16,30
E02002664,11,16,14,7,7,21,11,10,102,46,56
E02002665,13,31,37,18,19,41,12,29,193,64,129
E02002666,8,26,20,5,15,30,8,22,142,39,103
E02002667,13,21,18,8,10,16,3,13,126,35,91
E02002668,10,32,57,24,33,48,21,27,217,89,128
E02002669,8,13,16,4,12,10,4,6,76,32,44
E02002670,25,36,62,16,46,39,15,24,258,83,175
E02002671,21,22,35,14,21,18,6,12,125,28,97
E02002672,17,22,37,16,21,26,14,12,145,50,95
E02002673,8,12,27,13,14,14,3,11,138,32,106
E02002674,7,24,20,8,12,16,7,9,113,42,71
E02002675,10,17,32,13,19,15,6,9,115,48,67
E02002676,6,14,26,12,14,13,6,7,124,37,87
E02002677,6,22,25,10,15,26,12,14,129,43,86
E02002678,10,8,18,12,6,12,4,8,125,40,85
E02002679,14,30,48,18,30,40,13,27,192,61,131
E02002680,10,16,30,10,20,39,15,24,157,54,103
E02002681,13,18,16,6,10,26,8,18,152,35,117
E02002682,13,14,24,12,12,28,12,16,94,27,67
E02002684,44,43,77,36,41,72,35,37,333,117,216
E02002685,28,33,53,14,39,48,19,29,341,127,214
E02002686,26,31,63,24,39,49,18,31,253,73,180
E02002687,13,20,40,13,27,32,14,18,232,66,166
E02002688,10,17,20,9,11,24,9,15,202,48,154
E02002689,17,16,35,13,22,38,16,22,165,51,114
E02002691,25,28,51,26,25,33,17,16,217,72,145
E02002692,16,14,53,27,26,24,8,16,236,79,157
E02002693,16,24,30,13,17,33,14,19,128,50,78
E02002694,28,41,56,21,35,55,19,36,275,91,184
E02002695,27,41,44,20,24,55,30,25,326,100,226
E02002696,15,13,31,17,14,20,8,12,131,43,88
E02002697,12,23,44,23,21,26,17,9,150,52,98
E02002698,23,31,32,9,23,31,12,19,205,73,132
E02002699,23,38,54,21,33,40,17,23,286,100,186
E02002700,11,30,25,12,13,30,14,16,163,53,110
E02002701,8,20,33,14,19,23,13,10,128,49,79
E02002702,15,44,58,25,33,63,25,38,321,91,230
E02002703,16,28,42,16,26,33,15,18,165,60,105
E02002704,21,17,30,14,16,35,19,16,128,43,85
E02002705,19,30,56,25,31,34,18,16,222,68,154
E02002706,19,24,37,16,21,38,14,24,221,54,167
E02002707,15,20,24,11,13,26,10,16,172,44,128
E02002708,22,31,62,25,37,56,20,36,294,81,213
E02002709,13,16,36,11,25,38,14,24,158,63,95
E02002710,14,23,46,17,29,30,12,18,224,73,151
E02002711,30,39,57,28,29,48,25,23,281,97,184
E02002712,9,29,46,24,22,44,20,24,181,50,131
E02002714,15,22,32,15,17,26,10,16,143,52,91
E02002715,19,27,40,15,25,37,16,21,205,79,126
E02002716,11,28,26,10,16,24,7,17,154,54,100
E02002717,19,40,33,10,23,41,14,27,201,62,139
E02002718,26,24,40,23,17,39,14,25,206,78,128
E02002719,19,27,29,10,19,27,11,16,256,56,200
E02002720,16,20,37,13,24,34,12,22,152,50,102
E02002721,23,28,31,8,23,42,21,21,184,61,123
E02002722,29,28,43,25,18,39,15,24,256,77,179
E02002723,15,31,45,17,28,46,15,31,249,69,180
E02002724,4,16,24,6,18,28,10,18,168,62,106
E02002725,10,13,32,16,16,28,11,17,120,43,77
E02002726,23,24,48,16,32,41,14,27,185,63,122
E02002727,8,14,23,9,14,31,9,22,118,39,79
E02002728,16,12,26,3,23,22,13,9,123,35,88
E02002729,8,11,28,13,15,22,9,13,100,39,61
E02002730,5,10,12,6,6,12,6,6,68,25,43
E02002731,9,4,9,3,6,10,4,6,57,12,45
E02002732,16,19,48,20,28,33,21,12,149,53,96
E02002733,7,17,29,9,20,32,8,24,139,46,93
E02002734,3,19,29,11,18,29,11,18,147,39,108
E02002735,5,9,15,7,8,13,4,9,107,31,76
E02002736,5,12,12,6,6,8,2,6,47,14,33
E02002737,18,26,33,10,23,23,11,12,175,53,122
E02002738,12,12,33,15,18,21,13,8,95,29,66
E02002739,11,22,30,9,21,29,5,24,180,56,124
E02002740,15,21,22,10,12,25,7,18,129,41,88
E02002741,20,33,52,20,32,49,18,31,296,90,206
E02002742,18,24,26,6,20,28,13,15,179,69,110
E02002743,22,41,57,24,33,40,17,23,251,80,171
E02002744,8,12,26,8,18,21,8,13,108,36,72
E02002745,18,32,43,21,22,44,19,25,260,93,167
E02002746,19,28,42,16,26,50,19,31,258,62,196
E02002747,28,24,49,26,23,45,14,31,250,90,160
E02002748,25,38,59,19,40,47,18,29,320,108,212
E02002749,24,22,49,21,28,47,17,30,244,76,168
E02002750,10,9,34,13,21,17,7,10,121,41,80
E02002751,10,23,32,14,18,21,10,11,114,38,76
E02002752,18,14,27,9,18,36,15,21,120,42,78
E02002753,25,30,41,15,26,43,22,21,243,69,174
E02002754,14,20,38,17,21,36,17,19,166,61,105
E02002755,11,24,29,8,21,24,12,12,186,49,137
E02002756,6,17,17,6,11,31,14,17,139,43,96
E02002757,15,27,19,8,11,34,13,21,98,33,65
E02002758,14,17,19,9,10,20,8,12,101,30,71
E02002759,23,39,48,19,29,49,23,26,274,73,201
E02002760,12,25,32,11,21,25,6,19,182,58,124
E02002761,17,29,36,15,21,26,10,16,194,53,141
E02002762,9,13,42,17,25,32,16,16,241,56,185
E02002763,11,36,47,16,31,45,17,28,153,50,103
E02002764,16,9,19,9,10,16,6,10,55,24,31
E02002765,22,25,36,12,24,25,10,15,197,54,143
E02002766,20,27,42,17,25,41,15,26,196,76,120
E02002767,24,28,35,20,15,29,12,17,129,45,84
E02002768,17,19,22,9,13,30,18,12,159,55,104
E02002769,11,22,26,14,12,28,18,10,155,52,103
E02002770,9,19,27,14,13,22,8,14,128,50,78
E02002771,14,26,51,25,26,38,19,19,169,47,122
E02002772,12,24,37,21,16,35,17,18,148,49,99
E02002773,21,32,37,14,23,49,18,31,202,69,133
E02002774,9,21,50,17,33,29,8,21,250,70,180
E02002775,20,32,42,14,28,46,16,30,260,97,163
E02002776,14,33,30,8,22,41,16,25,159,54,105
E02002777,11,14,28,11,17,20,12,8,71,30,41
E02002778,26,33,44,20,24,45,18,27,278,87,191
E02002779,23,41,54,25,29,52,29,23,271,107,164
E02002780,10,16,21,6,15,24,5,19,173,54,119
E02002781,13,15,19,9,10,21,5,16,152,43,109
E02002782,27,33,45,22,23,51,18,33,171,67,104
E02002783,23,34,41,15,26,59,13,46,229,77,152
E02002784,25,21,35,13,22,44,18,26,229,64,165
E02002785,16,27,46,17,29,47,22,25,196,70,126
E02002786,9,9,28,13,15,23,7,16,127,43,84
E02002787,18,33,44,15,29,34,8,26,260,87,173
E02002788,11,14,34,16,18,18,8,10,116,44,72
E02002789,13,25,38,16,22,46,15,31,233,67,166
E02002790,10,24,45,18,27,35,10,25,251,77,174
E02002791,17,23,45,24,21,39,11,28,257,87,170
E02002792,14,21,33,9,24,30,8,22,162,50,112
E02002793,15,38,54,16,38,41,20,21,223,83,140
E02002794,9,17,33,11,22,27,7,20,216,72,144
E02002795,23,26,40,13,27,44,22,22,223,91,132
E02002796,18,38,58,24,34,46,23,23,178,58,120
E02002797,34,41,71,34,37,72,29,43,315,112,203
E02002798,21,23,21,11,10,26,6,20,100,43,57
E02002799,10,20,30,14,16,23,10,13,87,29,58
E02002800,19,39,45,16,29,39,10,29,299,80,219
E02002801,13,20,42,18,24,29,9,20,178,60,118
E02002802,10,15,24,7,17,17,8,9,114,47,67
E02002803,8,15,17,3,14,13,3,10,81,28,53
E02002804,25,67,86,28,58,66,23,43,270,100,170
E02002805,16,24,27,16,11,26,13,13,138,45,93
E02002806,10,3,13,7,6,14,6,8,79,23,56
E02002807,14,29,35,8,27,30,12,18,224,79,145
E02002808,11,19,26,8,18,19,12,7,132,36,96
E02002809,23,23,27,8,19,25,10,15,178,53,125
E02002810,20,30,40,13,27,44,24,20,210,80,130
E02002811,13,21,32,14,18,20,11,9,115,33,82
E02002812,14,25,54,24,30,53,19,34,254,77,177
E02002813,7,18,28,9,19,19,8,11,121,44,77
E02002814,24,38,52,18,34,47,21,26,277,77,200
E02002815,8,13,20,10,10,23,10,13,84,40,44
E02002816,8,14,33,15,18,19,10,9,116,43,73
E02002817,21,29,38,19,19,39,14,25,194,76,118
E02002818,9,17,29,13,16,21,4,17,218,50,168
E02002819,17,24,40,16,24,30,10,20,169,43,126
E02002820,15,21,32,16,16,31,6,25,171,57,114
E02002821,12,23,26,6,20,29,11,18,146,43,103
E02002822,13,27,28,10,18,35,13,22,145,49,96
E02002823,18,24,26,9,17,39,12,27,179,55,124
E02002824,14,8,21,9,12,15,2,13,128,37,91
E02002825,25,32,54,25,29,31,13,18,236,79,157
E02002826,14,14,35,14,21,21,9,12,109,28,81
E02002827,2,7,16,8,8,13,5,8,53,18,35
E02002828,12,17,31,15,16,16,7,9,96,40,56
E02002829,21,33,47,15,32,51,25,26,215,69,146
E02002830,6,13,10,2,8,5,3,2,50,20,30
E02002831,8,12,30,11,19,27,14,13,146,40,106
E02002832,15,15,27,10,17,25,9,16,133,46,87
E02002833,11,14,18,5,13,20,8,12,78,29,49
E02002834,17,24,36,14,22,43,20,23,195,73,122
E02002835,15,10,25,10,15,18,5,13,127,49,78
E02002836,16,26,29,11,18,22,9,13,144,57,87
E02002837,9,9,15,5,10,4,2,2,51,17,34
E02002838,7,16,38,15,23,35,15,20,187,40,147
E02002839,18,34,41,15,26,35,12,23,183,61,122
E02002842,6,5,11,3,8,10,3,7,62,21,41
E02002843,12,16,22,9,13,16,5,11,114,39,75
E02002844,8,11,26,10,16,16,11,5,102,34,68
E02002845,22,25,36,12,24,28,13,15,226,66,160
E02002846,14,26,40,14,26,35,13,22,192,71,121
E02002847,10,12,25,10,15,21,10,11,116,42,74
E02002848,5,22,18,8,10,12,4,8,63,26,37
E02002849,8,22,37,8,29,25,7,18,218,70,148
E02002851,23,38,62,26,36,56,22,34,303,110,193
E02002852,7,2,16,4,12,18,5,13,63,22,41
E02002853,14,18,32,13,19,21,11,10,144,55,89
E02002854,9,19,30,14,16,27,7,20,171,57,114
E02002855,10,15,9,5,4,13,4,9,91,30,61
E02002856,19,36,53,24,29,39,15,24,279,98,181
E02002857,7,9,18,8,10,14,4,10,92,37,55
E02002858,20,26,43,16,27,36,16,20,255,72,183
E02002860,16,29,50,23,27,43,22,21,299,94,205
E02002861,8,19,19,10,9,15,8,7,100,40,60
E02002862,18,29,41,16,25,45,13,32,218,71,147
E02002863,14,26,20,4,16,26,10,16,141,52,89
E02002864,14,18,30,14,16,29,12,17,191,66,125
E02002865,21,35,52,18,34,46,17,29,255,77,178
E02002866,20,39,40,14,26,40,20,20,244,92,152
E02002867,21,27,44,15,29,44,15,29,270,98,172
E02002868,10,18,20,11,9,14,4,10,85,39,46
E02002869,17,13,32,11,21,29,4,25,210,47,163
E02002871,17,15,38,19,19,20,9,11,165,49,116
E02002872,6,6,25,6,19,20,2,18,113,37,76
E02002873,9,18,22,7,15,23,7,16,91,35,56
E02002874,11,27,38,16,22,35,10,25,168,51,117
E02002875,7,18,21,5,16,38,17,21,124,34,90
E02002876,4,20,16,7,9,31,17,14,121,46,75
E02002877,16,18,35,14,21,45,15,30,222,70,152
E02002878,6,6,10,4,6,6,2,4,67,23,44
E02002879,8,12,19,9,10,23,9,14,98,32,66
E02002880,11,9,12,4,8,16,8,8,101,34,67
E02002881,10,21,28,13,15,24,6,18,178,55,123
E02002882,12,14,34,13,21,35,11,24,200,46,154
E02002883,10,13,24,10,14,16,10,6,89,30,59
E02002884,6,11,19,5,14,22,5,17,124,32,92
E02002885,3,11,14,5,9,5,1,4,40,18,22
E02002886,19,33,42,19,23,30,10,20,215,77,138
E02002887,20,23,36,13,23,50,17,33,306,81,225
E02002888,9,10,12,4,8,24,10,14,65,23,42
E02002889,6,4,7,0,7,12,7,5,32,14,18
E02002890,9,12,22,9,13,9,6,3,84,24,60
E02002891,10,21,40,17,23,30,16,14,139,54,85
E02002892,2,19,39,19,20,34,7,27,220,70,150
E02002893,11,13,15,9,6,11,5,6,85,35,50
E02002894,11,24,31,8,23,32,8,24,186,70,116
E02002895,6,8,15,5,10,12,5,7,46,10,36
E02002896,14,7,21,9,12,15,6,9,111,37,74
E02002897,13,52,64,20,44,67,30,37,307,102,205
E02002898,3,7,12,5,7,16,8,8,65,22,43
E02002899,8,15,19,7,12,23,7,16,108,38,70
E02002901,14,28,37,10,27,40,15,25,182,71,111
E02002902,23,47,87,29,58,74,29,45,268,95,173
E02002903,15,27,47,19,28,40,19,21,162,70,92
E02002904,31,32,57,20,37,41,17,24,122,53,69
E02002905,17,23,23,10,13,21,10,11,168,57,111
E02002906,19,25,41,15,26,36,13,23,220,63,157
E02002907,16,20,24,10,14,31,9,22,185,68,117
E02002908,24,29,43,16,27,55,28,27,215,82,133
E02002909,36,52,66,32,34,60,32,28,331,112,219
E02002910,31,30,55,20,35,51,24,27,260,84,176
E02002911,34,27,45,27,18,47,20,27,276,97,179
E02002912,15,18,36,12,24,23,9,14,138,44,94
E02002913,16,24,28,12,16,28,10,18,200,67,133
E02002914,18,42,50,16,34,46,16,30,182,60,122
E02002915,20,32,52,22,30,47,18,29,319,90,229
E02002916,21,31,40,14,26,30,13,17,217,61,156
E02002917,22,21,27,8,19,48,20,28,197,72,125
E02002918,13,30,61,22,39,33,14,19,206,69,137
E02002919,15,24,45,15,30,36,11,25,169,52,117
E02002920,8,20,29,14,15,32,14,18,135,48,87
E02002921,10,10,25,11,14,31,9,22,93,32,61
E02002922,19,22,22,9,13,22,5,17,186,59,127
E02002923,26,47,77,21,56,66,30,36,448,147,301
E02002924,12,22,46,24,22,30,10,20,175,58,117
E02002925,32,26,46,22,24,46,28,18,220,83,137
E02002926,33,48,81,31,50,79,30,49,408,116,292
E02002927,30,29,82,44,38,55,21,34,376,103,273
E02002928,13,14,26,10,16,20,5,15,151,44,107
E02002929,11,19,22,12,10,22,8,14,165,46,119
E02002930,17,19,28,11,17,24,10,14,157,52,105
E02002931,8,10,20,12,8,12,7,5,74,29,45
E02002932,14,9,22,9,13,24,14,10,150,37,113
E02002933,12,29,26,13,13,25,11,14,151,52,99
E02002934,10,11,15,4,11,12,7,5,71,20,51
E02002935,15,19,20,8,12,20,7,13,114,39,75
E02002936,11,20,24,8,16,16,6,10,102,40,62
E02002937,18,29,36,16,20,31,15,16,176,59,117
E02002938,19,28,25,12,13,21,8,13,124,47,77
E02002939,18,26,36,12,24,39,20,19,221,70,151
E02002940,18,12,24,13,11,27,11,16,113,29,84
E02002941,18,28,54,22,32,37,15,22,187,52,135
E02002942,9,7,20,15,5,17,8,9,71,17,54
E02002943,8,10,22,9,13,15,7,8,95,31,64
E02002944,9,12,14,7,7,22,14,8,96,30,66
E02002945,13,12,20,9,11,14,5,9,83,25,58
E02002946,7,13,25,12,13,16,6,10,96,34,62
E02002947,3,4,7,3,4,10,2,8,29,10,19
E02002948,2,10,8,3,5,8,2,6,58,16,42
E02002949,9,12,23,6,17,27,6,21,118,36,82
E02002950,6,9,21,5,16,9,4,5,78,27,51
E02002951,17,29,32,17,15,28,7,21,145,44,101
E02002952,14,15,34,14,20,28,11,17,157,45,112
E02002953,13,27,30,4,26,29,13,16,131,46,85
E02002954,18,38,52,22,30,39,19,20,159,53,106
E02002955,10,10,19,10,9,17,6,11,107,30,77
E02002956,24,28,40,16,24,29,13,16,220,61,159
E02002957,23,37,59,20,39,38,13,25,224,77,147
E02002958,13,26,35,17,18,32,8,24,161,52,109
E02002959,4,20,34,15,19,24,12,12,177,52,125
E02002960,13,14,30,13,17,23,11,12,74,24,50
E02002961,10,15,26,9,17,16,6,10,97,31,66
E02002962,8,22,27,15,12,22,13,9,111,22,89
E02002963,14,10,24,7,17,20,3,17,137,39,98
E02002964,24,25,43,8,35,31,10,21,206,75,131
E02002965,11,8,17,9,8,13,4,9,86,29,57
E02002966,11,19,27,15,12,28,7,21,142,38,104
E02002967,27,32,54,13,41,45,15,30,158,61,97
E02002968,12,18,39,14,25,30,14,16,196,49,147
E02002969,12,16,25,7,18,26,12,14,130,42,88
E02002970,10,21,40,15,25,36,9,27,155,46,109
E02002971,3,10,7,2,5,9,4,5,46,18,28
E02002972,6,26,22,7,15,28,13,15,96,32,64
E02002973,8,13,17,8,9,20,7,13,153,50,103
E02002974,24,25,35,14,21,34,11,23,177,52,125
E02002975,14,14,14,7,7,15,10,5,92,28,64
E02002976,15,11,23,8,15,22,11,11,111,31,80
E02002977,11,21,30,15,15,46,19,27,214,61,153
E02002978,10,19,26,10,16,22,11,11,119,38,81
E02002979,7,11,12,5,7,16,8,8,66,19,47
E02002980,24,30,44,15,29,43,9,34,188,71,117
E02002981,10,19,25,16,9,23,8,15,103,37,66
E02002982,14,26,41,14,27,43,14,29,146,54,92
E02002983,12,10,15,6,9,20,7,13,76,34,42
E02002984,8,19,28,11,17,22,8,14,155,44,111
E02002985,11,26,25,13,12,29,12,17,170,55,115
E02002986,16,41,55,20,35,29,8,21,228,81,147
E02002987,16,29,47,17,30,48,19,29,200,68,132
E02002988,12,17,28,14,14,26,8,18,174,57,117
E02002989,17,30,41,17,24,33,16,17,255,74,181
E02002990,13,7,16,5,11,14,7,7,79,25,54
E02002991,20,26,46,14,32,57,19,38,370,116,254
E02002992,16,25,42,13,29,35,10,25,199,73,126
E02002993,7,18,9,4,5,11,6,5,126,34,92
E02002994,26,52,57,26,31,53,25,28,348,129,219
E02002995,10,12,25,13,12,20,7,13,108,33,75
E02002996,21,29,57,25,32,41,16,25,278,100,178
E02002997,12,15,21,6,15,17,5,12,111,45,66
E02002998,12,22,18,4,14,26,8,18,143,49,94
E02002999,8,14,29,17,12,29,12,17,119,41,78
E02003000,41,41,55,23,32,84,40,44,312,111,201
E02003001,12,17,28,11,17,32,12,20,173,61,112
E02003002,20,30,36,14,22,29,12,17,181,64,117
E02003003,14,16,28,11,17,17,6,11,96,35,61
E02003004,12,10,27,11,16,36,15,21,193,56,137
E02003005,16,12,30,12,18,25,9,16,155,56,99
E02003006,14,21,47,18,29,32,11,21,131,49,82
E02003007,23,27,35,17,18,42,19,23,271,80,191
E02003008,11,19,12,5,7,29,14,15,80,26,54
E02003009,8,20,24,12,12,29,6,23,122,37,85
E02003010,14,16,19,11,8,19,7,12,114,32,82
E02003011,14,20,31,12,19,25,9,16,172,57,115
E02003012,26,38,58,20,38,61,21,40,314,112,202
E02003013,21,34,42,19,23,42,20,22,357,86,271
E02003014,14,25,24,9,15,30,12,18,190,64,126
E02003015,11,13,25,10,15,17,11,6,172,45,127
E02003016,7,21,21,6,15,17,8,9,103,31,72
E02003017,24,40,62,19,43,49,15,34,320,88,232
E02003018,5,24,18,8,10,36,16,20,160,56,104
E02003019,24,27,37,22,15,47,18,29,270,65,205
E02003020,22,28,38,8,30,42,18,24,422,111,311
E02003021,9,12,11,3,8,18,5,13,74,27,47
E02003022,21,25,39,14,25,37,19,18,197,72,125
E02003023,16,22,31,14,17,47,15,32,242,69,173
E02003024,26,31,62,23,39,44,16,28,342,97,245
E02003025,13,20,22,12,10,39,13,26,178,60,118
E02003026,26,41,49,23,26,67,28,39,294,98,196
E02003027,8,19,23,10,13,21,7,14,131,41,90
E02003028,11,25,33,13,20,33,8,25,215,70,145
E02003029,11,14,13,6,7,26,8,18,123,37,86
E02003030,8,4,20,6,14,15,6,9,91,37,54
E02003031,9,6,7,3,4,15,10,5,71,26,45
E02003032,15,18,20,5,15,27,17,10,139,54,85
E02003033,9,8,15,4,11,15,3,12,124,30,94
E02003034,3,6,9,4,5,9,1,8,55,20,35
E02003036,4,8,10,2,8,17,6,11,65,17,48
E02003037,5,8,16,6,10,19,5,14,102,21,81
E02003038,9,13,27,13,14,25,8,17,168,55,113
E02003039,17,21,29,12,17,18,9,9,225,58,167
E02003040,12,18,23,12,11,38,17,21,214,53,161
E02003041,6,11,20,4,16,20,10,10,120,31,89
E02003043,6,8,8,5,3,7,2,5,58,21,37
E02003044,9,12,10,2,8,19,4,15,94,40,54
E02003045,7,13,14,5,9,7,2,5,47,14,33
E02003046,12,17,21,11,10,32,15,17,141,55,86
E02003047,15,29,34,14,20,33,11,22,225,72,153
E02003048,3,4,12,4,8,11,4,7,50,20,30
E02003049,21,16,36,11,25,29,14,15,195,65,130
E02003050,13,18,34,9,25,40,19,21,203,63,140
E02003051,8,8,16,3,13,13,6,7,67,19,48
E02003052,12,13,32,10,22,36,15,21,131,44,87
E02003053,18,20,33,14,19,29,14,15,204,54,150
E02003054,13,7,27,8,19,21,5,16,137,41,96
E02003055,6,17,21,10,11,31,11,20,112,35,77
E02003056,7,9,15,7,8,22,7,15,86,23,63
E02003057,21,19,32,13,19,36,15,21,200,71,129
E02003058,21,33,37,13,24,36,6,30,288,83,205
E02003059,12,20,31,13,18,23,9,14,174,57,117
E02003060,20,51,67,30,37,51,20,31,319,95,224
E02003061,24,23,36,18,18,35,10,25,98,37,61
E02003062,21,16,22,14,8,23,7,16,117,38,79
E02003063,16,14,41,15,26,29,16,13,127,49,78
E02003064,20,19,28,9,19,17,6,11,76,29,47
E02003065,19,35,51,24,27,48,18,30,241,65,176
E02003066,26,26,44,24,20,38,17,21,167,64,103
E02003067,12,16,39,17,22,30,11,19,231,70,161
E02003068,18,17,30,11,19,24,10,14,221,71,150
E02003069,22,32,52,21,31,45,20,25,299,86,213
E02003070,39,34,45,21,24,48,23,25,291,104,187
E02003071,27,39,55,23,32,57,19,38,477,144,333
E02003072,26,39,64,23,41,52,27,25,285,92,193
E02003073,16,15,28,13,15,32,10,22,150,52,98
E02003074,9,17,28,10,18,31,11,20,148,60,88
E02003075,13,15,33,14,19,30,13,17,153,67,86
E02003076,17,34,31,14,17,31,12,19,202,68,134
E02003077,10,14,31,9,22,22,10,12,135,52,83
E02003078,11,14,30,13,17,27,8,19,161,52,109
E02003079,20,23,24,8,16,35,12,23,130,38,92
E02003080,28,34,77,24,53,54,19,35,325,112,213
E02003081,36,36,70,32,38,59,25,34,306,112,194
E02003082,30,53,78,29,49,75,22,53,555,139,416
E02003084,29,57,59,17,42,56,19,37,416,104,312
E02003085,10,20,24,12,12,7,1,6,150,49,101
E02003086,26,18,48,20,28,41,13,28,416,109,307
E02003087,27,26,56,25,31,49,18,31,257,92,165
E02003088,28,40,59,31,28,65,23,42,393,109,284
E02003089,18,30,35,16,19,34,16,18,213,81,132
E02003090,20,15,45,14,31,34,18,16,208,67,141
E02003091,15,22,26,11,15,25,11,14,167,44,123
E02003092,10,16,22,14,8,28,11,17,115,33,82
E02003093,27,28,27,14,13,32,13,19,199,71,128
E02003094,14,25,35,18,17,27,15,12,136,45,91
E02003095,16,19,25,15,10,29,8,21,168,39,129
E02003096,8,11,18,4,14,14,9,5,73,29,44
E02003097,19,26,37,19,18,32,8,24,216,74,142
E02003098,7,5,7,4,3,9,3,6,30,13,17
E02003099,12,12,27,3,24,22,8,14,158,49,109
E02003100,19,17,36,13,23,37,17,20,180,63,117
E02003101,9,11,14,3,11,8,6,2,27,14,13
E02003102,12,16,33,12,21,31,13,18,151,62,89
E02003103,2,9,10,6,4,4,0,4,66,15,51
E02003104,12,12,21,8,13,29,9,20,96,30,66
E02003105,26,33,25,17,8,48,26,22,202,55,147
E02003106,17,26,22,11,11,29,12,17,197,63,134
E02003107,21,39,54,19,35,52,23,29,315,111,204
E02003108,20,22,31,15,16,40,25,15,205,71,134
E02003109,30,28,43,18,25,31,11,20,184,76,108
E02003110,11,10,20,12,8,16,7,9,60,23,37
E02003111,18,36,43,15,28,34,8,26,256,88,168
E02003112,8,26,39,19,20,38,15,23,200,69,131
E02003113,30,32,37,18,19,43,13,30,211,75,136
E02003114,14,34,42,13,29,27,11,16,213,65,148
E02003115,18,30,44,22,22,36,14,22,231,82,149
E02003116,14,23,42,16,26,42,17,25,199,55,144
E02003117,21,24,37,12,25,33,15,18,202,77,125
E02003118,11,12,28,12,16,25,8,17,152,42,110
E02003119,20,29,38,16,22,45,17,28,206,70,136
E02003120,30,35,54,23,31,39,23,16,265,91,174
E02003121,22,43,43,15,28,47,18,29,246,86,160
E02003122,15,33,41,16,25,39,18,21,193,66,127
E02003123,16,27,39,20,19,31,19,12,115,52,63
E02003124,14,10,25,10,15,24,9,15,153,58,95
E02003125,9,17,26,11,15,20,9,11,118,37,81
E02003126,8,22,25,13,12,15,2,13,159,37,122
E02003127,13,18,31,17,14,20,8,12,164,49,115
E02003128,20,26,41,11,30,36,10,26,233,84,149
E02003129,21,20,43,15,28,32,18,14,196,59,137
E02003130,22,29,30,15,15,29,12,17,160,57,103
E02003131,11,13,38,13,25,31,12,19,132,49,83
E02003132,12,26,52,20,32,35,13,22,224,73,151
E02003133,26,16,41,21,20,26,10,16,142,42,100
E02003134,8,13,22,9,13,19,9,10,108,31,77
E02003135,9,10,13,4,9,13,4,9,69,22,47
E02003136,21,40,54,21,33,47,13,34,325,85,240
E02003137,17,32,51,16,35,56,20,36,318,76,242
E02003138,6,23,26,7,19,23,9,14,147,44,103
E02003139,5,6,15,4,11,9,6,3,32,17,15
E02003140,16,27,41,16,25,33,8,25,233,69,164
E02003141,9,15,20,11,9,19,10,9,117,33,84
E02003142,21,21,34,12,22,26,14,12,190,47,143
E02003143,13,22,31,11,20,39,14,25,227,65,162
E02003144,11,13,25,12,13,21,11,10,185,51,134
E02003145,14,25,28,11,17,34,15,19,184,47,137
E02003146,8,14,24,12,12,12,4,8,127,38,89
E02003147,5,11,12,7,5,15,8,7,80,35,45
E02003148,9,27,22,8,14,30,10,20,164,42,122
E02003149,14,25,29,11,18,22,7,15,141,42,99
E02003150,21,29,37,14,23,49,26,23,195,70,125
E02003151,29,44,64,33,31,60,28,32,316,110,206
E02003152,17,37,64,26,38,37,13,24,265,97,168
E02003153,22,42,43,18,25,45,14,31,206,73,133
E02003154,15,25,35,12,23,36,14,22,150,59,91
E02003155,18,28,38,18,20,38,13,25,292,70,222
E02003156,16,28,34,12,22,36,12,24,204,81,123
E02003157,5,11,23,10,13,18,4,14,123,44,79
E02003158,19,26,39,19,20,48,15,33,308,90,218
E02003159,9,9,23,10,13,19,10,9,149,48,101
E02003161,16,13,31,12,19,22,10,12,212,71,141
E02003163,25,37,71,25,46,84,34,50,556,193,363
E02003164,33,51,68,26,42,53,20,33,389,122,267
E02003165,23,30,41,19,22,36,12,24,251,79,172
E02003166,20,30,43,18,25,39,13,26,183,61,122
E02003167,20,46,80,25,55,85,23,62,573,146,427
E02003168,27,30,37,11,26,43,15,28,215,72,143
E02003169,34,38,86,34,52,56,24,32,388,149,239
E02003170,32,44,73,28,45,68,25,43,415,140,275
E02003171,20,36,49,19,30,52,20,32,299,89,210
E02003172,16,27,55,16,39,47,19,28,229,97,132
E02003173,22,24,66,24,42,41,18,23,232,85,147
E02003174,27,40,60,25,35,44,22,22,312,112,200
E02003175,18,26,47,18,29,54,15,39,214,83,131
E02003176,22,26,35,17,18,23,10,13,115,40,75
E02003177,24,33,39,16,23,36,16,20,200,84,116
E02003178,20,22,38,18,20,33,11,22,178,63,115
E02003179,14,44,39,17,22,33,12,21,242,72,170
E02003180,5,19,21,11,10,31,14,17,146,41,105
E02003181,8,27,32,15,17,30,8,22,237,79,158
E02003182,7,29,29,11,18,30,14,16,204,64,140
E02003183,21,27,45,17,28,37,15,22,249,81,168
E02003184,11,16,24,10,14,21,9,12,147,37,110
E02003185,14,18,28,10,18,20,5,15,183,77,106
E02003186,6,11,12,4,8,18,6,12,84,30,54
E02003187,17,17,39,15,24,34,13,21,181,76,105
E02003188,24,38,55,25,30,55,13,42,443,127,316
E02003189,18,46,81,28,53,66,25,41,581,162,419
E02003190,13,19,42,13,29,32,11,21,254,70,184
E02003191,46,58,86,31,55,61,20,41,520,172,348
E02003192,26,21,57,24,33,48,18,30,398,141,257
E02003194,13,30,44,23,21,30,12,18,220,85,135
E02003195,8,18,25,7,18,15,6,9,157,50,107
E02003196,33,51,79,35,44,82,34,48,471,165,306
E02003197,16,12,13,5,8,23,17,6,102,29,73
E02003198,13,19,25,11,14,21,13,8,127,44,83
E02003199,22,30,59,24,35,47,24,23,214,76,138
E02003200,28,35,50,19,31,55,18,37,237,87,150
E02003201,26,32,44,21,23,43,20,23,250,87,163
E02003202,12,20,26,8,18,27,11,16,168,51,117
E02003203,5,20,24,5,19,27,9,18,121,45,76
E02003204,24,38,52,20,32,65,27,38,332,106,226
E02003205,24,38,44,18,26,34,16,18,251,92,159
E02003206,21,37,44,21,23,43,15,28,288,83,205
E02003207,12,14,34,16,18,25,12,13,100,42,58
E02003208,28,48,57,21,36,65,24,41,415,101,314
E02003209,8,16,21,8,13,30,10,20,174,49,125
E02003210,45,51,76,28,48,66,25,41,454,147,307
E02003211,63,73,131,52,79,127,59,68,838,287,551
E02003212,22,31,48,16,32,42,15,27,239,71,168
E02003214,18,21,29,14,15,29,12,17,119,42,77
E02003215,12,16,27,9,18,25,8,17,161,51,110
E02003216,25,20,55,26,29,38,18,20,216,85,131
E02003217,11,25,30,12,18,34,8,26,195,60,135
E02003218,8,20,19,7,12,30,12,18,129,57,72
E02003219,10,23,26,11,15,29,11,18,175,54,121
E02003220,15,30,46,17,29,59,24,35,302,87,215
E02003221,10,20,19,10,9,27,8,19,115,38,77
E02003222,1,11,12,3,9,8,6,2,32,17,15
E02003223,15,12,27,14,13,29,14,15,155,56,99
E02003224,28,19,48,20,28,39,15,24,152,55,97
E02003225,3,6,9,3,6,10,3,7,49,16,33
E02003226,9,7,11,7,4,19,9,10,67,26,41
E02003227,7,13,16,7,9,16,9,7,95,30,65
E02003228,17,23,30,9,21,41,19,22,166,66,100
E02003229,6,2,7,3,4,4,0,4,25,12,13
E02003230,5,14,20,5,15,14,2,12,144,49,95
E02003231,11,17,27,7,20,28,15,13,130,47,83
E02003232,13,19,26,8,18,18,7,11,167,57,110
E02003233,15,22,24,12,12,31,10,21,160,63,97
E02003234,10,21,22,11,11,26,10,16,143,53,90
E02003235,35,35,53,24,29,41,19,22,273,95,178
E02003236,37,31,50,18,32,55,20,35,344,106,238
E02003237,16,18,27,10,17,26,10,16,122,40,82
E02003238,10,17,13,5,8,13,3,10,74,25,49
E02003239,20,15,37,22,15,28,12,16,161,57,104
E02003240,9,8,27,12,15,22,9,13,82,29,53
E02003241,16,11,33,15,18,19,9,10,106,23,83
E02003242,21,35,57,24,33,38,11,27,225,70,155
E02003243,16,28,33,12,21,23,9,14,140,40,100
E02003244,21,33,52,19,33,53,16,37,234,82,152
E02003245,8,6,21,5,16,15,5,10,59,18,41
E02003246,8,13,20,9,11,12,5,7,80,29,51
E02003247,8,19,17,4,13,14,6,8,99,37,62
E02003248,13,20,34,8,26,34,12,22,265,85,180
E02003249,14,30,25,7,18,46,17,29,217,75,142
E02003250,9,22,36,11,25,26,11,15,236,69,167
E02003251,26,35,47,25,22,49,24,25,251,100,151
E02003252,15,25,33,11,22,36,14,22,142,45,97
E02003253,15,29,37,14,23,25,8,17,155,51,104
E02003254,19,24,47,24,23,38,14,24,202,78,124
E02003255,18,39,57,18,39,33,15,18,162,69,93
E02003257,9,13,19,7,12,14,7,7,99,35,64
E02003258,13,11,25,9,16,30,8,22,121,35,86
E02003259,18,14,23,10,13,15,6,9,66,24,42
E02003260,5,8,14,5,9,8,7,1,51,18,33
E02003261,20,25,40,22,18,26,13,13,181,56,125
E02003262,24,30,31,15,16,24,8,16,215,71,144
E02003263,13,20,55,25,30,31,13,18,203,67,136
E02003264,19,26,43,15,28,31,7,24,193,70,123
E02003265,16,27,30,13,17,24,14,10,151,45,106
E02003266,13,21,33,15,18,21,8,13,111,41,70
E02003267,15,16,16,6,10,18,11,7,131,50,81
E02003268,19,20,39,15,24,32,11,21,151,50,101
E02003269,16,23,32,15,17,48,21,27,185,77,108
E02003270,23,25,31,16,15,34,16,18,152,60,92
E02003271,7,9,13,6,7,19,8,11,94,27,67
E02003272,6,17,21,15,6,16,10,6,64,26,38
E02003273,10,27,29,11,18,26,8,18,120,39,81
E02003274,6,14,25,11,14,21,9,12,111,34,77
E02003275,13,22,24,7,17,21,13,8,165,49,116
E02003276,14,7,11,6,5,8,3,5,53,18,35
E02003277,10,25,37,13,24,40,16,24,201,70,131
E02003278,10,18,32,14,18,19,8,11,78,28,50
E02003279,32,34,72,31,41,60,23,37,297,99,198
E02003280,20,34,60,21,39,58,26,32,275,101,174
E02003281,38,45,87,36,51,83,28,55,358,116,242
E02003282,16,34,68,25,43,53,21,32,379,111,268
E02003283,26,45,52,9,43,53,16,37,284,82,202
E02003284,24,40,53,17,36,30,17,13,225,80,145
E02003285,9,14,14,3,11,24,6,18,107,41,66
E02003286,23,25,46,11,35,49,22,27,299,97,202
E02003287,31,42,70,25,45,60,18,42,321,114,207
E02003288,20,30,43,16,27,37,11,26,227,59,168
E02003289,17,29,34,11,23,39,18,21,252,69,183
E02003290,25,38,63,13,50,66,21,45,586,153,433
E02003291,19,11,40,20,20,31,12,19,171,53,118
E02003292,6,19,33,13,20,28,11,17,242,54,188
E02003293,22,52,56,25,31,52,13,39,402,124,278
E02003294,32,32,71,27,44,72,26,46,371,131,240
E02003295,29,22,58,25,33,51,17,34,270,86,184
E02003296,14,15,34,16,18,23,9,14,124,42,82
E02003297,14,27,34,13,21,46,17,29,185,54,131
E02003298,15,24,38,15,23,38,16,22,144,38,106
E02003299,19,13,19,9,10,19,11,8,124,38,86
E02003300,9,12,23,11,12,22,10,12,101,40,61
E02003301,13,24,37,9,28,38,14,24,206,72,134
E02003302,15,26,28,12,16,33,9,24,196,61,135
E02003303,17,12,34,18,16,39,14,25,197,57,140
E02003304,27,50,65,20,45,61,20,41,298,115,183
E02003305,15,17,33,12,21,37,18,19,150,44,106
E02003307,22,34,53,25,28,47,18,29,238,66,172
E02003308,9,7,10,1,9,11,3,8,65,22,43
E02003309,12,17,27,9,18,42,16,26,147,51,96
E02003310,7,7,14,5,9,11,4,7,64,28,36
E02003311,6,19,21,4,17,24,6,18,159,50,109
E02003312,7,8,5,2,3,10,6,4,43,18,25
E02003313,11,20,28,11,17,19,11,8,141,34,107
E02003314,10,18,30,17,13,20,6,14,132,36,96
E02003315,7,9,18,10,8,7,5,2,73,21,52
E02003316,12,16,30,14,16,25,7,18,147,60,87
E02003317,15,16,32,15,17,32,8,24,117,31,86
E02003318,16,16,18,8,10,23,14,9,101,30,71
E02003319,11,17,12,6,6,25,9,16,133,34,99
E02003320,7,6,9,5,4,5,2,3,58,20,38
E02003321,3,20,19,5,14,19,10,9,108,29,79
E02003322,4,12,14,8,6,5,1,4,51,16,35
E02003323,9,12,27,8,19,11,6,5,95,26,69
E02003324,8,12,23,10,13,19,6,13,81,26,55
E02003325,5,10,19,10,9,15,3,12,87,25,62
E02003326,10,13,20,6,14,19,7,12,163,56,107
E02003327,9,17,27,6,21,32,10,22,160,41,119
E02003328,7,10,16,6,10,32,9,23,76,25,51
E02003329,1,13,14,9,5,19,6,13,73,15,58
E02003330,4,9,19,5,14,18,13,5,88,29,59
E02003331,18,36,39,16,23,45,21,24,224,63,161
E02003332,13,16,27,11,16,23,7,16,108,20,88
E02003333,10,16,18,10,8,8,2,6,65,19,46
E02003334,4,7,9,3,6,13,6,7,78,20,58
E02003335,6,11,10,5,5,14,4,10,47,19,28
E02003336,13,22,33,15,18,30,13,17,173,70,103
E02003337,10,20,44,22,22,36,18,18,166,51,115
E02003338,11,18,38,12,26,24,11,13,151,48,103
E02003339,15,19,31,13,18,25,10,15,176,54,122
E02003340,15,19,35,11,24,28,7,21,218,51,167
E02003341,8,8,21,6,15,18,6,12,75,21,54
E02003342,10,28,31,16,15,25,7,18,162,61,101
E02003343,14,19,25,12,13,29,9,20,139,49,90
E02003344,5,6,18,3,15,11,5,6,84,21,63
E02003345,3,4,8,1,7,4,3,1,41,16,25
E02003346,12,17,24,14,10,24,13,11,164,47,117
E02003347,6,5,10,3,7,10,1,9,48,13,35
E02003348,17,17,42,19,23,36,17,19,197,53,144
E02003349,16,20,29,13,16,34,12,22,156,44,112
E02003350,16,19,24,14,10,24,9,15,91,38,53
E02003351,6,8,21,7,14,22,9,13,101,38,63
E02003352,14,18,32,16,16,21,6,15,102,39,63
E02003353,15,11,24,11,13,20,8,12,132,39,93
E02003354,16,20,33,14,19,24,12,12,137,51,86
E02003355,13,26,27,12,15,32,10,22,131,49,82
E02003356,10,17,24,12,12,32,14,18,152,53,99
E02003357,20,17,36,15,21,36,16,20,202,59,143
E02003358,12,17,36,17,19,30,11,19,169,53,116
E02003359,2,6,7,2,5,8,3,5,85,19,66
E02003360,4,5,18,10,8,12,4,8,69,26,43
E02003361,7,15,25,9,16,22,10,12,110,38,72
E02003362,3,12,15,6,9,13,3,10,79,22,57
E02003363,11,26,37,10,27,28,4,24,230,55,175
E02003364,10,5,6,3,3,9,4,5,42,13,29
E02003365,11,18,29,15,14,20,8,12,142,55,87
E02003366,14,11,19,6,13,15,6,9,103,33,70
E02003367,13,12,18,4,14,17,7,10,83,37,46
E02003368,11,12,20,4,16,12,6,6,105,34,71
E02003369,14,15,29,12,17,22,9,13,162,57,105
E02003370,20,13,28,13,15,24,11,13,90,36,54
E02003371,12,17,18,9,9,17,7,10,72,34,38
E02003372,16,16,26,7,19,26,11,15,132,44,88
E02003373,12,12,31,16,15,23,8,15,153,66,87
E02003374,5,8,9,2,7,14,7,7,47,15,32
E02003375,10,15,20,9,11,21,6,15,83,24,59
E02003376,14,14,29,13,16,29,11,18,204,68,136
E02003377,18,23,34,18,16,39,16,23,139,61,78
E02003378,22,40,42,22,20,53,13,40,307,103,204
E02003379,7,14,25,13,12,14,5,9,100,36,64
E02003380,8,11,16,12,4,16,7,9,88,26,62
E02003381,8,9,22,13,9,16,5,11,128,38,90
E02003382,12,20,26,11,15,23,9,14,198,49,149
E02003383,13,11,22,9,13,19,7,12,91,31,60
E02003384,4,7,25,8,17,33,13,20,173,57,116
E02003385,14,28,35,11,24,23,6,17,181,55,126
E02003386,9,25,23,9,14,32,11,21,196,64,132
E02003387,20,32,40,16,24,49,23,26,222,89,133
E02003388,10,14,20,11,9,20,7,13,133,45,88
E02003389,23,27,48,18,30,32,14,18,161,56,105
E02003390,18,22,39,18,21,34,11,23,158,60,98
E02003391,21,22,36,16,20,49,28,21,300,97,203
E02003392,8,18,27,7,20,24,8,16,135,42,93
E02003393,21,24,33,17,16,28,8,20,175,54,121
E02003394,18,13,25,8,17,29,13,16,149,47,102
E02003395,12,8,16,10,6,9,5,4,65,27,38
E02003396,13,16,18,11,7,31,17,14,143,43,100
E02003397,23,31,43,20,23,37,19,18,171,62,109
E02003398,11,8,11,4,7,14,8,6,64,31,33
E02003399,8,8,7,4,3,11,4,7,53,17,36
E02003400,9,4,19,7,12,14,5,9,130,48,82
E02003401,11,25,43,14,29,47,26,21,241,63,178
E02003402,8,10,18,10,8,17,7,10,82,29,53
E02003403,33,27,48,14,34,62,21,41,260,87,173
E02003404,6,12,22,10,12,18,7,11,125,28,97
E02003405,11,9,25,10,15,21,8,13,103,26,77
E02003406,9,14,32,14,18,22,9,13,127,54,73
E02003407,16,21,28,10,18,26,8,18,184,63,121
E02003408,9,10,24,10,14,18,7,11,70,23,47
E02003409,14,18,22,8,14,22,13,9,145,51,94
E02003410,3,19,24,12,12,17,8,9,119,44,75
E02003411,15,26,32,13,19,40,17,23,214,65,149
E02003412,9,11,34,19,15,17,8,9,116,31,85
E02003413,7,9,16,10,6,19,4,15,114,34,80
E02003414,5,8,25,10,15,11,1,10,63,29,34
E02003415,11,11,25,11,14,14,6,8,107,40,67
E02003416,14,13,21,5,16,15,9,6,92,40,52
E02003417,7,20,27,9,18,35,12,23,130,45,85
E02003418,21,28,32,7,25,27,11,16,179,49,130
E02003419,8,13,17,10,7,22,8,14,109,47,62
E02003420,2,5,6,3,3,5,3,2,40,17,23
E02003421,17,17,26,15,11,26,11,15,123,50,73
E02003422,23,42,57,20,37,62,23,39,320,117,203
E02003423,8,17,21,10,11,10,5,5,104,46,58
E02003424,16,24,46,16,30,29,16,13,290,91,199
E02003425,14,27,46,19,27,36,11,25,264,72,192
E02003426,22,36,43,24,19,43,19,24,262,90,172
E02003427,10,14,22,8,14,27,12,15,104,40,64
E02003428,17,16,36,19,17,27,11,16,102,31,71
E02003429,14,17,25,13,12,32,13,19,182,64,118
E02003430,13,15,20,8,12,27,8,19,118,40,78
E02003431,15,15,33,14,19,29,8,21,135,43,92
E02003432,7,15,25,6,19,19,5,14,149,42,107
E02003433,12,26,32,16,16,40,18,22,145,52,93
E02003434,24,24,58,23,35,54,24,30,322,89,233
E02003435,10,20,19,9,10,21,8,13,120,39,81
E02003436,24,25,44,15,29,30,17,13,250,83,167
E02003437,13,13,28,10,18,32,10,22,166,52,114
E02003438,29,31,55,19,36,43,16,27,333,99,234
E02003439,18,19,33,13,20,31,13,18,191,53,138
E02003440,21,26,36,17,19,29,11,18,188,63,125
E02003441,18,16,28,16,12,26,15,11,209,76,133
E02003442,7,11,16,8,8,9,4,5,88,28,60
E02003443,13,19,37,16,21,24,7,17,178,61,117
E02003444,20,32,34,18,16,38,21,17,196,73,123
E02003445,16,20,15,10,5,13,8,5,78,31,47
E02003446,14,20,27,12,15,24,8,16,115,40,75
E02003447,12,19,22,11,11,21,11,10,203,79,124
E02003448,11,14,26,15,11,16,4,12,89,36,53
E02003449,6,12,14,5,9,8,3,5,55,20,35
E02003450,12,12,23,6,17,24,11,13,134,50,84
E02003451,17,44,60,21,39,52,18,34,353,95,258
E02003452,8,16,26,14,12,18,9,9,90,45,45
E02003453,12,9,17,8,9,11,3,8,59,23,36
E02003454,23,29,39,13,26,27,12,15,235,72,163
E02003455,9,10,13,5,8,21,11,10,121,39,82
E02003456,12,8,12,5,7,12,5,7,103,27,76
E02003457,14,15,34,14,20,26,11,15,125,42,83
E02003458,22,13,32,15,17,25,12,13,136,54,82
E02003459,14,36,54,20,34,39,17,22,227,60,167
E02003460,19,23,45,20,25,33,13,20,177,69,108
E02003461,16,25,37,11,26,36,15,21,237,72,165
E02003462,12,17,32,13,19,26,9,17,152,44,108
E02003463,10,6,20,8,12,10,3,7,117,44,73
E02003464,6,9,13,2,11,18,4,14,62,19,43
E02003465,16,19,33,13,20,30,15,15,184,54,130
E02003466,13,15,20,5,15,18,11,7,118,41,77
E02003467,10,24,24,9,15,27,11,16,198,52,146
E02003468,15,12,32,9,23,32,15,17,171,47,124
E02003469,7,11,13,6,7,13,4,9,51,18,33
E02003470,4,5,8,3,5,10,6,4,39,11,28
E02003471,3,10,16,8,8,13,3,10,76,30,46
E02003472,2,6,7,2,5,8,1,7,32,7,25
E02003473,3,12,17,9,8,10,7,3,50,15,35
E02003474,5,7,7,5,2,12,3,9,78,32,46
E02003475,5,1,12,4,8,10,2,8,110,31,79
E02003476,7,15,14,4,10,11,6,5,79,24,55
E02003477,4,9,20,9,11,26,11,15,93,35,58
E02003478,6,14,21,7,14,14,3,11,90,20,70
E02003479,7,2,8,0,8,7,5,2,57,14,43
E02003480,3,3,6,3,3,3,1,2,41,19,22
E02003481,7,11,13,5,8,14,7,7,104,40,64
E02003482,10,16,24,9,15,15,4,11,159,45,114
E02003483,8,9,9,5,4,5,2,3,54,12,42
E02003484,4,6,9,4,5,13,3,10,69,16,53
E02003485,5,15,26,10,16,17,4,13,118,36,82
E02003486,6,2,10,5,5,11,8,3,32,6,26
E02003487,19,19,30,11,19,43,20,23,99,40,59
E02003488,9,26,40,19,21,39,16,23,198,69,129
E02003489,18,23,32,10,22,27,15,12,209,62,147
E02003490,6,9,11,4,7,14,6,8,69,19,50
E02003491,18,19,37,18,19,33,14,19,216,67,149
E02003492,9,19,24,12,12,17,8,9,84,31,53
E02003493,27,32,79,34,45,53,19,34,287,97,190
E02003494,21,23,43,24,19,28,12,16,138,52,86
E02003495,20,11,24,12,12,22,13,9,107,32,75
E02003496,16,21,34,14,20,40,17,23,232,94,138
E02003497,19,14,42,17,25,28,13,15,242,69,173
E02003498,14,19,41,17,24,32,10,22,121,41,80
E02003499,11,18,17,4,13,25,4,21,130,43,87
E02003500,4,8,19,8,11,18,9,9,108,28,80
E02003501,4,27,38,15,23,39,13,26,227,76,151
E02003502,15,20,40,15,25,22,6,16,133,58,75
E02003503,17,23,38,16,22,42,14,28,221,73,148
E02003504,12,19,32,13,19,29,8,21,148,32,116
E02003505,9,12,9,2,7,10,1,9,65,20,45
E02003506,9,11,25,13,12,16,8,8,99,26,73
E02003507,22,44,61,34,27,51,21,30,222,90,132
E02003508,7,6,10,6,4,18,5,13,77,23,54
E02003509,10,24,29,12,17,34,18,16,206,45,161
E02003510,19,19,44,23,21,30,6,24,323,94,229
E02003511,10,18,29,11,18,24,10,14,169,52,117
E02003512,11,7,16,6,10,10,4,6,82,24,58
E02003513,15,33,40,19,21,45,15,30,338,93,245
E02003514,11,10,26,9,17,11,5,6,92,32,60
E02003515,12,13,27,13,14,29,9,20,94,34,60
E02003516,8,15,27,10,17,15,5,10,174,45,129
E02003517,7,12,16,11,5,28,15,13,93,25,68
E02003518,14,31,52,14,38,49,21,28,419,110,309
E02003519,5,4,23,10,13,15,9,6,64,32,32
E02003520,7,14,26,9,17,23,8,15,151,54,97
E02003521,10,32,42,17,25,33,13,20,305,73,232
E02003522,11,19,35,15,20,36,15,21,174,75,99
E02003523,26,47,70,26,44,65,21,44,443,134,309
E02003524,9,19,16,4,12,19,3,16,135,43,92
E02003525,5,13,15,3,12,25,13,12,107,35,72
E02003526,23,37,47,22,25,42,15,27,305,97,208
E02003527,10,14,19,4,15,21,5,16,130,41,89
E02003529,15,20,28,14,14,34,10,24,228,78,150
E02003530,9,21,34,11,23,27,9,18,186,59,127
E02003531,21,18,33,11,22,23,14,9,140,43,97
E02003532,12,16,21,10,11,20,9,11,127,35,92
E02003533,5,10,19,6,13,10,5,5,102,39,63
E02003534,10,18,20,6,14,15,6,9,125,37,88
E02003535,6,18,20,7,13,23,8,15,109,36,73
E02003536,13,18,34,14,20,29,12,17,129,47,82
E02003537,19,25,44,16,28,29,15,14,210,69,141
E02003538,7,12,24,9,15,28,8,20,171,56,115
E02003539,13,20,27,10,17,32,10,22,162,53,109
E02003540,11,34,38,15,23,32,16,16,236,65,171
E02003541,22,34,33,8,25,36,6,30,249,64,185
E02003542,14,14,28,8,20,22,13,9,148,49,99
E02003543,8,11,24,10,14,15,4,11,137,37,100
E02003544,4,15,19,5,14,24,11,13,110,39,71
E02003545,16,28,35,9,26,21,3,18,266,56,210
E02003546,19,26,32,10,22,27,11,16,179,48,131
E02003547,14,25,45,21,24,44,16,28,281,107,174
E02003548,13,17,22,9,13,23,6,17,191,57,134
E02003549,23,21,39,19,20,26,14,12,173,76,97
E02003550,10,14,24,11,13,28,10,18,98,35,63
E02003551,14,18,25,13,12,30,9,21,124,36,88
E02003552,14,28,25,14,11,26,7,19,120,40,80
E02003553,15,9,13,2,11,11,6,5,73,27,46
E02003554,12,27,34,9,25,46,18,28,260,81,179
E02003555,11,28,40,17,23,30,11,19,123,45,78
E02003556,12,13,26,15,11,34,11,23,122,48,74
E02003557,13,18,40,12,28,30,9,21,234,71,163
E02003558,5,14,27,11,16,26,13,13,128,39,89
E02003559,18,28,43,13,30,40,17,23,200,66,134
E02003560,15,22,30,11,19,23,9,14,129,49,80
E02003561,15,23,26,13,13,22,11,11,184,60,124
E02003562,14,16,23,10,13,21,12,9,193,65,128
E02003563,9,33,21,5,16,33,12,21,237,75,162
E02003564,25,26,40,17,23,36,13,23,231,85,146
E02003565,6,10,11,6,5,12,1,11,85,22,63
E02003566,9,29,39,16,23,48,20,28,214,73,141
E02003567,9,15,21,7,14,24,9,15,115,39,76
E02003568,14,7,20,9,11,17,5,12,156,45,111
E02003569,7,9,16,4,12,15,5,10,98,30,68
E02003570,8,2,7,3,4,10,4,6,41,13,28
E02003571,13,18,27,8,19,20,6,14,139,37,102
E02003572,9,16,29,13,16,18,11,7,129,43,86
E02003573,23,21,38,17,21,38,16,22,185,61,124
E02003574,12,23,25,10,15,27,10,17,178,72,106
E02003575,10,12,16,3,13,23,9,14,104,32,72
E02003576,10,23,27,8,19,16,8,8,119,36,83
E02003577,6,11,10,5,5,10,3,7,47,16,31
E02003578,9,22,33,11,22,22,10,12,133,44,89
E02003579,17,26,39,8,31,32,11,21,209,50,159
E02003580,10,17,21,13,8,26,8,18,91,17,74
E02003581,16,24,36,16,20,32,15,17,235,59,176
E02003582,22,38,45,14,31,35,19,16,265,90,175
E02003583,18,23,52,18,34,33,13,20,262,81,181
E02003584,6,21,32,9,23,34,12,22,169,37,132
E02003585,32,30,35,12,23,48,20,28,265,94,171
E02003586,14,28,55,20,35,42,14,28,279,92,187
E02003587,11,31,30,12,18,29,13,16,222,55,167
E02003588,21,27,49,24,25,45,23,22,238,86,152
E02003589,13,29,39,13,26,21,8,13,160,53,107
E02003590,20,44,59,26,33,72,29,43,508,166,342
E02003591,17,27,42,18,24,34,16,18,269,86,183
E02003592,40,59,94,35,59,75,29,46,540,178,362
E02003593,16,23,35,11,24,38,17,21,212,68,144
E02003594,25,34,57,22,35,51,15,36,309,109,200
E02003595,33,39,70,20,50,60,28,32,308,113,195
E02003596,30,43,69,26,43,70,19,51,357,120,237
E02003597,14,17,28,16,12,35,10,25,163,65,98
E02003598,20,39,50,21,29,40,16,24,309,96,213
E02003599,5,6,14,8,6,15,9,6,74,18,56
E02003600,12,9,20,8,12,21,10,11,141,50,91
E02003601,13,13,27,10,17,24,10,14,145,41,104
E02003602,17,15,23,13,10,22,10,12,121,41,80
E02003603,18,25,33,12,21,32,15,17,184,59,125
E02003604,16,20,26,9,17,21,12,9,172,59,113
E02003605,12,19,46,17,29,34,18,16,115,42,73
E02003606,14,18,23,12,11,29,8,21,155,60,95
E02003607,17,17,28,13,15,39,14,25,184,60,124
E02003608,18,25,27,8,19,26,6,20,192,66,126
E02003609,19,23,35,15,20,35,15,20,159,63,96
E02003610,21,23,31,15,16,33,17,16,151,53,98
E02003611,8,18,34,10,24,23,8,15,168,61,107
E02003612,14,24,23,6,17,24,7,17,100,40,60
E02003613,8,22,24,10,14,29,13,16,113,39,74
E02003614,12,15,18,7,11,20,10,10,105,42,63
E02003615,23,25,27,12,15,29,14,15,154,55,99
E02003616,5,14,31,13,18,28,17,11,119,31,88
E02003617,26,25,48,21,27,39,18,21,215,85,130
E02003618,24,16,45,17,28,38,15,23,152,58,94
E02003619,13,29,28,15,13,41,14,27,239,79,160
E02003620,15,30,50,25,25,42,18,24,213,83,130
E02003621,39,34,47,24,23,61,28,33,202,79,123
E02003622,15,28,40,19,21,44,19,25,191,62,129
E02003623,18,27,38,13,25,42,24,18,164,63,101
E02003624,6,10,30,11,19,38,16,22,244,66,178
E02003625,15,21,46,22,24,47,19,28,364,82,282
E02003626,7,11,24,12,12,18,11,7,94,32,62
E02003627,15,20,35,16,19,32,15,17,216,58,158
E02003628,15,13,28,7,21,18,7,11,97,45,52
E02003629,13,29,50,19,31,32,16,16,186,57,129
E02003630,15,20,27,10,17,30,14,16,129,54,75
E02003631,8,15,21,7,14,20,13,7,96,31,65
E02003632,10,18,18,7,11,13,5,8,97,37,60
E02003633,16,24,36,9,27,23,10,13,126,46,80
E02003634,10,22,36,15,21,19,8,11,155,50,105
E02003635,11,23,18,7,11,19,10,9,128,50,78
E02003636,14,13,31,11,20,17,6,11,110,44,66
E02003637,19,23,41,13,28,35,12,23,206,88,118
E02003638,14,18,28,14,14,16,6,10,144,46,98
E02003639,25,35,49,19,30,46,13,33,270,68,202
E02003640,11,20,31,15,16,34,15,19,144,54,90
E02003641,5,13,14,6,8,10,7,3,59,22,37
E02003642,11,14,14,7,7,17,7,10,70,26,44
E02003643,8,13,23,13,10,24,14,10,89,38,51
E02003644,11,18,30,16,14,30,6,24,142,45,97
E02003645,23,17,31,19,12,31,14,17,150,51,99
E02003646,21,30,58,20,38,36,16,20,172,56,116
E02003647,15,29,38,11,27,33,10,23,220,66,154
E02003648,10,14,22,9,13,20,10,10,111,36,75
E02003649,7,17,21,10,11,16,8,8,91,27,64
E02003650,25,21,37,18,19,31,15,16,187,75,112
E02003651,15,21,25,13,12,23,9,14,114,41,73
E02003652,8,21,31,13,18,26,6,20,125,45,80
E02003653,7,18,24,8,16,19,9,10,149,47,102
E02003654,11,11,27,15,12,14,5,9,85,38,47
E02003655,7,13,31,8,23,32,16,16,141,45,96
E02003656,19,18,37,17,20,33,18,15,193,59,134
E02003657,16,17,34,19,15,25,8,17,110,33,77
E02003658,21,28,39,22,17,23,7,16,200,58,142
E02003659,9,21,25,8,17,26,8,18,140,46,94
E02003660,16,14,27,18,9,33,19,14,143,58,85
E02003661,11,8,15,8,7,17,9,8,105,32,73
E02003662,6,11,11,6,5,13,6,7,91,30,61
E02003663,5,7,6,2,4,14,4,10,63,11,52
E02003664,22,20,26,10,16,27,9,18,135,43,92
E02003665,7,16,19,7,12,15,3,12,66,30,36
E02003666,4,19,22,6,16,20,9,11,159,54,105
E02003667,6,9,8,2,6,5,0,5,90,20,70
E02003668,27,32,50,25,25,40,14,26,207,76,131
E02003669,5,13,16,4,12,19,9,10,106,32,74
E02003670,10,19,22,12,10,24,6,18,109,29,80
E02003671,3,8,10,3,7,11,5,6,34,13,21
E02003672,14,39,62,25,37,54,18,36,243,73,170
E02003673,24,21,47,17,30,34,19,15,213,59,154
E02003674,12,18,24,15,9,18,11,7,130,37,93
E02003675,28,29,44,21,23,53,22,31,314,82,232
E02003676,12,21,34,11,23,36,16,20,165,55,110
E02003677,24,23,44,12,32,33,14,19,177,67,110
E02003678,11,15,23,11,12,16,7,9,86,29,57
E02003679,15,21,27,14,13,26,11,15,191,51,140
E02003680,16,29,38,19,19,47,20,27,336,102,234
E02003681,23,46,68,28,40,65,26,39,399,123,276
E02003682,17,29,18,6,12,31,16,15,142,45,97
E02003683,18,33,27,14,13,41,13,28,188,87,101
E02003685,15,31,37,14,23,41,22,19,220,77,143
E02003686,13,25,45,23,22,33,13,20,184,65,119
E02003687,13,19,26,8,18,36,13,23,191,47,144
E02003688,39,54,95,31,64,67,30,37,378,114,264
E02003689,27,27,42,20,22,38,12,26,302,103,199
E02003690,14,39,53,20,33,33,14,19,227,75,152
E02003691,14,24,46,16,30,36,12,24,218,74,144
E02003692,19,25,43,18,25,28,13,15,200,69,131
E02003693,19,13,29,14,15,33,15,18,175,61,114
E02003694,15,22,17,6,11,23,6,17,161,52,109
E02003695,17,33,44,17,27,34,15,19,260,85,175
E02003696,32,48,67,29,38,56,29,27,410,115,295
E02003697,8,14,27,12,15,14,5,9,125,49,76
E02003698,15,18,45,19,26,37,14,23,174,73,101
E02003699,13,13,29,14,15,11,5,6,113,38,75
E02003701,14,21,25,7,18,20,11,9,159,47,112
E02003702,13,20,33,16,17,24,12,12,147,55,92
E02003703,10,15,25,11,14,16,4,12,107,33,74
E02003704,14,7,19,8,11,19,9,10,75,31,44
E02003705,6,3,15,5,10,13,6,7,65,22,43
E02003706,4,18,20,9,11,30,12,18,143,48,95
E02003707,5,8,12,5,7,19,11,8,67,21,46
E02003708,7,10,16,8,8,18,9,9,68,32,36
E02003709,9,10,20,9,11,14,5,9,68,28,40
E02003710,14,16,32,11,21,35,15,20,159,50,109
E02003711,6,18,19,11,8,18,10,8,133,40,93
E02003712,26,31,39,22,17,36,16,20,256,78,178
E02003713,22,27,35,10,25,29,12,17,138,55,83
E02003714,13,12,32,14,18,16,5,11,108,31,77
E02003715,16,12,15,8,7,21,11,10,95,38,57
E02003716,18,20,29,12,17,40,14,26,195,55,140
E02003717,20,50,57,29,28,61,15,46,275,91,184
E02003718,7,25,25,9,16,28,13,15,126,43,83
E02003719,13,17,28,11,17,20,5,15,188,60,128
E02003720,24,23,40,16,24,21,9,12,233,82,151
E02003721,13,21,37,14,23,31,9,22,274,83,191
E02003722,7,17,37,11,26,34,12,22,201,71,130
E02003723,7,14,26,11,15,26,10,16,109,33,76
E02003724,12,16,31,17,14,30,12,18,171,63,108
E02003725,19,26,37,24,13,37,12,25,241,59,182
E02003726,6,9,11,3,8,18,9,9,97,27,70
E02003727,9,28,23,6,17,18,6,12,134,39,95
E02003728,15,23,42,17,25,40,15,25,250,74,176
E02003729,17,32,44,13,31,36,14,22,264,96,168
E02003730,24,30,40,16,24,37,18,19,264,70,194
E02003731,18,37,57,22,35,47,25,22,270,107,163
E02003732,11,23,43,17,26,38,11,27,238,77,161
E02003733,19,24,39,18,21,24,9,15,151,55,96
E02003734,22,46,69,27,42,48,15,33,291,86,205
E02003735,20,24,46,18,28,44,14,30,172,57,115
E02003736,20,29,44,19,25,44,16,28,170,63,107
E02003737,24,30,46,14,32,39,15,24,192,58,134
E02003738,14,21,24,10,14,22,7,15,131,44,87
E02003739,19,17,36,11,25,28,13,15,196,69,127
E02003740,14,19,41,15,26,36,17,19,226,71,155
E02003742,22,26,38,19,19,36,19,17,137,56,81
E02003743,25,32,44,17,27,52,18,34,238,87,151
E02003744,34,60,73,17,56,62,29,33,424,115,309
E02003745,21,29,53,27,26,41,16,25,206,56,150
E02003746,12,23,36,18,18,34,14,20,166,62,104
E02003747,21,49,74,28,46,60,25,35,323,99,224
E02003748,26,28,55,19,36,54,18,36,263,96,167
E02003749,10,14,21,11,10,21,7,14,83,34,49
E02003750,19,40,53,24,29,56,20,36,299,111,188
E02003751,12,28,30,10,20,25,11,14,139,46,93
E02003752,26,33,48,16,32,32,12,20,248,80,168
E02003753,15,27,45,20,25,23,13,10,171,55,116
E02003754,9,15,13,2,11,18,4,14,91,38,53
E02003755,21,31,41,14,27,37,10,27,208,63,145
E02003756,13,13,23,11,12,35,11,24,156,59,97
E02003757,7,14,25,8,17,19,7,12,159,61,98
E02003758,11,17,38,12,26,28,14,14,198,68,130
E02003759,10,11,29,15,14,20,7,13,102,38,64
E02003760,15,12,16,9,7,17,6,11,73,16,57
E02003761,10,19,36,18,18,30,10,20,167,63,104
E02003762,20,22,39,11,28,34,16,18,173,47,126
E02003763,13,13,28,10,18,20,10,10,113,40,73
E02003764,4,19,29,8,21,17,3,14,160,48,112
E02003765,19,19,38,11,27,44,13,31,240,77,163
E02003766,8,16,33,15,18,17,7,10,128,29,99
E02003767,11,15,28,11,17,21,10,11,114,39,75
E02003768,24,32,47,19,28,37,17,20,231,80,151
E02003769,15,25,39,17,22,29,15,14,144,48,96
E02003770,12,15,31,16,15,24,15,9,132,41,91
E02003771,15,26,37,14,23,22,5,17,205,65,140
E02003772,13,12,37,11,26,15,5,10,125,39,86
E02003773,14,17,14,8,6,27,12,15,126,42,84
E02003774,12,26,19,11,8,18,5,13,138,36,102
E02003775,14,20,24,15,9,26,12,14,132,54,78
E02003776,23,17,28,9,19,27,10,17,220,85,135
E02003777,3,8,22,10,12,20,9,11,121,44,77
E02003778,10,12,29,12,17,21,10,11,113,43,70
E02003779,11,12,20,6,14,11,3,8,119,40,79
E02003780,32,42,62,32,30,45,18,27,331,108,223
E02003781,21,9,12,4,8,15,5,10,103,41,62
E02003783,27,33,55,27,28,50,17,33,245,88,157
E02003784,13,20,33,14,19,22,9,13,137,51,86
E02003785,17,12,45,28,17,25,8,17,209,65,144
E02003786,26,21,53,20,33,40,17,23,227,81,146
E02003787,12,20,34,13,21,35,14,21,160,48,112
E02003788,17,12,34,17,17,30,12,18,173,65,108
E02003789,22,23,33,16,17,36,15,21,184,67,117
E02003790,21,28,38,15,23,50,19,31,237,88,149
E02003791,22,24,31,15,16,41,23,18,168,63,105
E02003792,22,28,48,17,31,50,18,32,262,82,180
E02003793,18,12,19,9,10,23,11,12,105,38,67
E02003794,16,18,41,22,19,34,21,13,159,55,104
E02003795,12,14,28,13,15,42,12,30,195,50,145
E02003796,20,31,66,35,31,45,16,29,230,82,148
E02003797,20,37,54,21,33,47,21,26,300,94,206
E02003798,9,8,22,9,13,15,5,10,108,27,81
E02003799,19,25,27,12,15,34,16,18,126,43,83
E02003800,18,22,33,18,15,34,6,28,169,60,109
E02003801,25,20,49,25,24,35,10,25,184,57,127
E02003802,17,26,49,21,28,38,21,17,233,73,160
E02003803,11,16,34,12,22,22,8,14,177,45,132
E02003804,13,23,28,6,22,21,10,11,188,65,123
E02003805,11,16,31,14,17,32,12,20,202,67,135
E02003806,20,21,45,14,31,36,16,20,164,59,105
E02003807,33,37,61,26,35,44,21,23,283,103,180
E02003808,8,9,24,13,11,10,3,7,67,18,49
E02003809,21,25,35,17,18,53,28,25,204,61,143
E02003810,17,28,38,20,18,35,10,25,267,94,173
E02003811,17,19,23,10,13,21,10,11,125,61,64
E02003812,9,13,27,14,13,40,10,30,186,59,127
E02003813,12,27,29,10,19,22,10,12,211,65,146
E02003814,11,11,17,4,13,17,8,9,68,17,51
E02003815,7,17,38,20,18,28,10,18,121,28,93
E02003816,7,22,34,8,26,36,15,21,223,57,166
E02003817,14,23,41,16,25,30,13,17,248,85,163
E02003818,23,26,28,9,19,37,17,20,140,35,105
E02003819,15,17,39,13,26,37,13,24,220,64,156
E02003820,6,14,18,7,11,17,6,11,85,27,58
E02003821,18,26,29,11,18,31,9,22,170,66,104
E02003822,29,42,34,17,17,49,23,26,223,81,142
E02003823,11,28,55,21,34,44,22,22,212,82,130
E02003824,13,22,23,11,12,27,16,11,139,40,99
E02003825,9,5,11,5,6,12,5,7,58,15,43
E02003826,9,20,31,4,27,43,13,30,217,66,151
E02003827,21,19,40,13,27,19,9,10,118,36,82
E02003828,17,13,25,10,15,18,8,10,147,43,104
E02003829,13,22,33,9,24,34,17,17,144,55,89
E02003830,10,17,26,11,15,19,6,13,147,41,106
E02003831,21,20,43,14,29,38,17,21,180,62,118
E02003832,8,11,15,2,13,8,2,6,75,17,58
E02003833,15,31,34,15,19,35,16,19,122,37,85
E02003834,8,13,19,5,14,12,5,7,102,32,70
E02003835,20,30,41,22,19,37,13,24,177,69,108
E02003836,28,39,65,17,48,61,17,44,324,98,226
E02003837,18,18,36,14,22,40,19,21,182,66,116
E02003838,21,17,43,20,23,24,11,13,183,61,122
E02003839,26,19,49,13,36,42,14,28,243,74,169
E02003840,23,43,54,22,32,51,29,22,271,99,172
E02003841,15,26,57,20,37,47,19,28,250,72,178
E02003842,17,20,44,14,30,32,16,16,162,53,109
E02003843,18,17,29,11,18,31,10,21,111,52,59
E02003844,22,21,33,15,18,36,16,20,167,62,105
E02003845,18,21,37,9,28,32,9,23,189,42,147
E02003846,17,21,31,13,18,27,6,21,138,45,93
E02003847,14,14,30,11,19,20,7,13,109,36,73
E02003848,16,15,29,9,20,19,8,11,126,42,84
E02003849,9,13,16,6,10,19,7,12,134,35,99
E02003850,12,11,22,13,9,22,7,15,73,28,45
E02003851,12,14,26,10,16,29,10,19,133,52,81
E02003852,19,18,39,13,26,24,10,14,111,46,65
E02003853,14,16,23,9,14,20,8,12,154,54,100
E02003854,22,35,37,15,22,24,10,14,188,66,122
E02003855,22,26,49,17,32,50,18,32,270,92,178
E02003856,20,30,42,9,33,38,14,24,279,86,193
E02003857,13,11,26,17,9,22,11,11,98,35,63
E02003858,21,37,55,15,40,32,15,17,274,96,178
E02003859,32,55,68,24,44,73,38,35,380,125,255
E02003860,17,24,43,22,21,40,20,20,186,65,121
E02003861,12,21,33,14,19,34,19,15,199,64,135
E02003862,24,27,41,21,20,51,17,34,246,76,170
E02003863,25,35,44,23,21,43,19,24,246,71,175
E02003864,29,45,60,19,41,61,27,34,411,116,295
E02003865,15,25,42,11,31,28,8,20,163,57,106
E02003866,10,14,27,11,16,23,10,13,129,57,72
E02003867,10,11,29,9,20,21,4,17,154,54,100
E02003868,14,31,39,16,23,34,16,18,218,73,145
E02003869,12,23,38,15,23,34,14,20,202,61,141
E02003870,9,19,41,10,31,27,10,17,236,60,176
E02003871,17,28,46,18,28,37,16,21,173,54,119
E02003872,28,30,66,26,40,57,26,31,269,101,168
E02003873,9,13,16,3,13,36,19,17,152,44,108
E02003874,20,42,49,20,29,61,21,40,333,96,237
E02003875,25,21,37,14,23,20,12,8,123,52,71
E02003876,13,11,27,7,20,24,9,15,128,31,97
E02003877,30,39,45,15,30,43,17,26,298,90,208
E02003878,25,19,33,15,18,24,14,10,224,64,160
E02003879,9,30,25,11,14,31,7,24,171,42,129
E02003880,23,29,41,18,23,44,9,35,212,79,133
E02003881,8,16,20,11,9,9,2,7,95,30,65
E02003882,14,24,41,22,19,37,13,24,179,60,119
E02003883,17,20,42,18,24,39,19,20,148,58,90
E02003884,20,32,49,23,26,47,18,29,262,92,170
E02003885,13,21,32,14,18,28,8,20,148,51,97
E02003886,8,10,22,5,17,23,10,13,113,20,93
E02003887,3,12,15,2,13,13,3,10,55,19,36
E02003888,16,15,23,11,12,17,8,9,150,45,105
E02003889,6,16,21,9,12,21,8,13,93,29,64
E02003890,8,7,20,10,10,15,9,6,81,21,60
E02003891,13,12,33,19,14,33,8,25,159,56,103
E02003892,23,39,33,15,18,28,18,10,140,64,76
E02003893,23,15,30,14,16,25,16,9,142,53,89
E02003894,18,35,46,23,23,37,12,25,191,78,113
E02003895,18,23,35,10,25,31,10,21,202,72,130
E02003896,19,18,35,19,16,27,8,19,144,51,93
E02003897,8,8,20,9,11,22,11,11,75,30,45
E02003898,12,17,30,16,14,36,17,19,148,59,89
E02003899,13,24,33,16,17,36,14,22,157,36,121
E02003900,9,15,26,12,14,28,16,12,153,59,94
E02003901,22,36,60,23,37,52,18,34,278,100,178
E02003902,9,10,24,8,16,26,7,19,115,45,70
E02003903,16,22,29,12,17,15,8,7,155,60,95
E02003904,11,21,40,13,27,33,9,24,187,72,115
E02003905,7,11,24,8,16,17,7,10,110,50,60
E02003906,18,23,27,10,17,35,20,15,147,41,106
E02003907,18,33,55,21,34,51,22,29,244,77,167
E02003908,17,25,39,17,22,40,14,26,189,62,127
E02003909,30,30,53,26,27,54,20,34,291,94,197
E02003910,15,28,48,19,29,39,13,26,255,68,187
E02003911,26,30,43,19,24,49,23,26,238,74,164
E02003912,23,22,66,22,44,52,16,36,277,92,185
E02003913,23,16,53,27,26,43,19,24,183,58,125
E02003914,7,23,25,15,10,24,7,17,123,39,84
E02003915,12,17,34,16,18,35,17,18,203,64,139
E02003916,15,31,43,16,27,30,9,21,248,93,155
E02003917,17,31,33,15,18,39,16,23,174,54,120
E02003918,18,20,42,18,24,30,13,17,171,61,110
E02003919,11,24,33,14,19,31,12,19,163,48,115
E02003920,16,20,42,19,23,35,11,24,193,61,132
E02003921,8,18,34,18,16,26,10,16,115,36,79
E02003922,11,15,26,10,16,29,13,16,147,43,104
E02003923,13,22,34,15,19,43,16,27,153,42,111
E02003924,25,26,37,12,25,45,15,30,242,75,167
E02003925,23,15,38,14,24,26,7,19,111,37,74
E02003926,19,21,37,19,18,37,14,23,150,52,98
E02003927,29,42,59,25,34,45,27,18,288,110,178
E02003928,22,37,54,19,35,52,18,34,250,93,157
E02003929,19,16,47,20,27,41,12,29,228,78,150
E02003930,25,32,56,27,29,59,28,31,293,101,192
E02003931,28,45,70,27,43,81,33,48,372,116,256
E02003932,18,14,61,22,39,41,24,17,195,51,144
E02003933,19,29,27,8,19,31,15,16,217,70,147
E02003934,14,22,23,5,18,31,12,19,198,53,145
E02003935,28,31,43,19,24,47,13,34,251,76,175
E02003936,28,21,59,20,39,43,20,23,214,72,142
E02003937,24,29,57,24,33,50,25,25,337,94,243
E02003938,16,19,46,17,29,36,17,19,232,68,164
E02003939,24,43,56,26,30,37,10,27,335,91,244
E02003940,25,15,37,14,23,21,12,9,158,61,97
E02003941,17,15,35,16,19,26,13,13,186,64,122
E02003942,6,18,31,12,19,24,11,13,198,51,147
E02003943,21,33,56,19,37,39,17,22,294,81,213
E02003944,31,37,60,23,37,40,15,25,307,90,217
E02003945,17,21,43,18,25,40,12,28,248,77,171
E02003946,32,26,53,20,33,51,17,34,315,98,217
E02003947,15,25,22,7,15,44,21,23,221,62,159
E02003948,27,40,46,21,25,49,14,35,299,105,194
E02003949,22,22,45,13,32,34,12,22,244,59,185
E02003950,12,24,28,8,20,31,10,21,178,58,120
E02003951,19,36,57,20,37,32,16,16,231,71,160
E02003952,11,39,30,16,14,33,8,25,214,69,145
E02003953,24,29,42,19,23,48,17,31,250,83,167
E02003954,13,33,40,18,22,41,12,29,287,73,214
E02003955,23,35,45,15,30,36,12,24,216,81,135
E02003956,15,19,28,14,14,33,13,20,134,46,88
E02003957,19,36,51,27,24,51,23,28,222,67,155
E02003958,14,18,34,12,22,26,11,15,130,45,85
E02003959,11,14,31,18,13,32,16,16,183,43,140
E02003960,31,30,41,11,30,37,13,24,306,85,221
E02003961,21,40,41,17,24,34,8,26,293,84,209
E02003962,12,28,59,23,36,39,14,25,300,83,217
E02003963,23,59,68,21,47,64,26,38,381,118,263
E02003964,19,31,51,17,34,67,31,36,309,94,215
E02003965,30,46,66,26,40,52,17,35,343,122,221
E02003966,28,31,31,17,14,25,10,15,182,74,108
E02003967,19,20,33,17,16,32,14,18,169,56,113
E02003968,18,34,33,16,17,34,9,25,216,64,152
E02003969,6,12,31,15,16,24,7,17,133,37,96
E02003970,16,21,38,12,26,52,17,35,221,62,159
E02003971,25,37,39,13,26,39,9,30,239,84,155
E02003972,8,22,37,12,25,37,10,27,210,64,146
E02003973,22,24,48,19,29,32,11,21,158,44,114
E02003974,19,30,43,19,24,46,16,30,186,59,127
E02003975,16,22,34,17,17,40,16,24,216,64,152
E02003976,21,31,52,19,33,45,20,25,282,82,200
E02003977,15,11,24,10,14,26,7,19,116,32,84
E02003978,10,13,18,10,8,22,8,14,132,36,96
E02003979,34,37,64,25,39,55,21,34,330,107,223
E02003980,8,18,15,5,10,27,14,13,107,33,74
E02003981,5,21,25,8,17,22,7,15,170,50,120
E02003982,13,22,25,10,15,34,14,20,147,49,98
E02003983,10,26,30,10,20,26,6,20,136,50,86
E02003984,12,21,32,11,21,26,7,19,169,43,126
E02003985,18,29,31,13,18,46,14,32,158,53,105
E02003986,10,11,22,9,13,27,12,15,110,28,82
E02003987,12,21,26,10,16,37,18,19,162,52,110
E02003988,20,25,30,15,15,32,16,16,222,71,151
E02003989,19,18,47,18,29,53,21,32,191,67,124
E02003990,20,45,54,20,34,69,27,42,274,81,193
E02003991,16,27,41,16,25,35,11,24,152,42,110
E02003992,13,27,34,13,21,39,9,30,221,88,133
E02003993,21,27,43,16,27,48,23,25,190,70,120
E02003994,19,19,35,13,22,39,15,24,278,79,199
E02003995,20,48,47,16,31,46,14,32,226,78,148
E02003996,17,23,21,5,16,23,10,13,156,48,108
E02003997,20,29,33,15,18,36,18,18,180,52,128
E02003998,9,13,31,13,18,22,7,15,158,58,100
E02003999,23,34,58,19,39,46,18,28,274,97,177
E02004000,12,10,24,10,14,25,5,20,133,41,92
E02004001,10,23,29,12,17,25,11,14,164,43,121
E02004002,17,36,42,16,26,30,12,18,149,48,101
E02004003,22,27,45,13,32,43,23,20,240,80,160
E02004004,26,31,38,11,27,32,15,17,190,46,144
E02004005,15,17,41,19,22,32,13,19,144,45,99
E02004006,31,30,50,21,29,38,21,17,220,88,132
E02004007,29,33,46,21,25,50,16,34,257,84,173
E02004008,9,10,23,10,13,25,8,17,124,34,90
E02004009,9,18,21,8,13,22,9,13,109,41,68
E02004010,17,27,56,20,36,43,14,29,261,65,196
E02004011,26,55,76,34,42,75,33,42,335,90,245
E02004012,24,15,39,15,24,46,16,30,143,64,79
E02004013,24,38,54,16,38,50,29,21,278,99,179
E02004014,20,31,32,10,22,31,13,18,188,71,117
E02004015,21,46,52,25,27,55,20,35,269,76,193
E02004016,32,40,54,26,28,43,17,26,240,73,167
E02004017,20,27,45,19,26,32,9,23,190,64,126
E02004018,18,26,45,17,28,35,12,23,287,72,215
E02004019,18,28,45,15,30,44,18,26,263,80,183
E02004020,20,28,64,24,40,42,14,28,245,75,170
E02004021,18,11,24,9,15,37,14,23,128,49,79
E02004022,13,20,33,17,16,26,11,15,138,56,82
E02004023,20,22,40,20,20,30,14,16,229,85,144
E02004024,35,38,56,27,29,36,18,18,194,74,120
E02004025,29,51,73,34,39,58,27,31,364,120,244
E02004026,24,42,54,19,35,36,10,26,274,75,199
E02004027,35,46,87,33,54,94,38,56,487,153,334
E02004028,22,30,36,14,22,50,25,25,221,75,146
E02004029,9,22,29,8,21,34,14,20,178,56,122
E02004030,22,20,41,16,25,25,9,16,162,60,102
E02004031,15,16,33,13,20,36,19,17,172,51,121
E02004032,17,32,51,19,32,51,16,35,189,72,117
E02004033,14,25,32,15,17,25,11,14,230,66,164
E02004034,22,16,45,16,29,34,9,25,201,62,139
E02004035,18,18,29,8,21,38,17,21,161,67,94
E02004036,24,26,32,13,19,39,16,23,223,63,160
E02004037,14,21,29,12,17,25,14,11,111,43,68
E02004038,20,28,38,16,22,54,14,40,310,76,234
E02004039,19,24,27,11,16,33,14,19,174,50,124
E02004040,19,21,27,11,16,22,9,13,159,55,104
E02004041,14,10,25,10,15,24,9,15,152,42,110
E02004043,17,19,37,17,20,31,10,21,179,53,126
E02004044,17,27,51,18,33,57,26,31,270,87,183
E02004045,20,25,45,18,27,48,19,29,191,76,115
E02004046,16,20,33,15,18,33,11,22,146,58,88
E02004047,8,12,26,15,11,18,10,8,145,31,114
E02004048,8,11,25,9,16,20,10,10,110,31,79
E02004049,20,40,51,9,42,40,13,27,249,65,184
E02004050,14,25,46,14,32,33,16,17,177,45,132
E02004051,15,31,37,12,25,38,19,19,187,63,124
E02004052,14,30,30,13,17,31,11,20,225,76,149
E02004053,21,27,30,11,19,24,8,16,142,49,93
E02004054,21,12,31,14,17,27,12,15,170,49,121
E02004055,14,35,41,18,23,50,25,25,196,65,131
E02004056,7,24,34,13,21,42,14,28,170,67,103
E02004057,7,11,17,8,9,26,14,12,100,35,65
E02004058,14,24,50,13,37,49,19,30,257,79,178
E02004059,12,25,57,23,34,34,10,24,251,72,179
E02004060,21,16,26,13,13,45,13,32,177,58,119
E02004061,21,20,34,4,30,24,13,11,200,56,144
E02004062,20,22,36,4,32,42,20,22,236,78,158
E02004063,26,28,53,21,32,44,16,28,276,84,192
E02004064,12,13,33,17,16,28,6,22,173,58,115
E02004065,19,40,77,38,39,63,24,39,289,93,196
E02004066,25,33,58,24,34,41,15,26,301,98,203
E02004067,14,23,29,7,22,20,8,12,152,46,106
E02004068,16,30,31,14,17,39,15,24,215,66,149
E02004069,20,30,41,20,21,58,25,33,233,81,152
E02004070,14,28,47,18,29,55,18,37,343,93,250
E02004071,13,20,27,9,18,27,9,18,156,52,104
E02004072,20,29,48,19,29,42,14,28,265,85,180
E02004073,36,27,40,15,25,46,18,28,265,86,179
E02004074,8,17,26,10,16,22,10,12,145,48,97
E02004075,15,22,46,24,22,33,13,20,185,70,115
E02004076,16,23,37,13,24,24,10,14,204,71,133
E02004077,18,20,37,16,21,44,15,29,176,52,124
E02004078,7,14,19,8,11,24,8,16,174,56,118
E02004080,13,24,42,12,30,39,15,24,229,66,163
E02004081,15,20,23,12,11,38,16,22,152,54,98
E02004082,8,22,32,14,18,29,6,23,257,72,185
E02004083,10,14,26,12,14,20,7,13,112,35,77
E02004084,19,25,40,13,27,51,16,35,216,64,152
E02004085,23,31,38,17,21,47,18,29,248,78,170
E02004086,20,18,47,17,30,36,15,21,197,66,131
E02004087,13,22,31,13,18,39,16,23,187,72,115
E02004088,16,23,28,13,15,42,18,24,161,61,100
E02004089,6,16,22,11,11,23,7,16,108,38,70
E02004090,13,14,30,11,19,30,13,17,156,50,106
E02004091,19,21,27,9,18,21,11,10,156,52,104
E02004092,15,24,39,20,19,44,17,27,195,68,127
E02004093,10,20,30,14,16,8,4,4,111,38,73
E02004094,6,25,20,7,13,23,8,15,94,24,70
E02004095,10,27,38,13,25,42,14,28,203,49,154
E02004096,23,16,47,23,24,43,16,27,170,58,112
E02004097,12,22,18,7,11,17,8,9,108,42,66
E02004098,18,23,31,11,20,36,14,22,163,52,111
E02004100,9,20,45,24,21,38,17,21,198,70,128
E02004102,14,40,43,20,23,55,15,40,348,91,257
E02004103,4,17,35,15,20,27,5,22,113,41,72
E02004104,11,18,34,14,20,24,12,12,128,47,81
E02004105,12,20,26,10,16,23,10,13,191,52,139
E02004106,21,14,29,13,16,32,15,17,175,72,103
E02004108,12,30,43,13,30,47,24,23,280,80,200
E02004109,18,27,47,23,24,30,13,17,197,76,121
E02004110,11,28,30,12,18,30,16,14,126,45,81
E02004111,16,13,34,15,19,21,7,14,114,40,74
E02004112,22,26,54,26,28,46,21,25,237,100,137
E02004113,19,35,45,16,29,30,14,16,209,66,143
E02004114,24,28,49,20,29,40,13,27,200,77,123
E02004115,25,22,40,14,26,28,12,16,196,67,129
E02004116,13,25,42,16,26,30,15,15,211,61,150
E02004117,19,22,53,23,30,32,14,18,174,61,113
E02004118,16,14,28,11,17,22,11,11,138,58,80
E02004119,19,25,27,11,16,23,10,13,135,59,76
E02004120,11,18,26,13,13,29,9,20,89,35,54
E02004121,15,17,32,12,20,31,13,18,138,50,88
E02004122,18,13,28,11,17,30,20,10,188,65,123
E02004123,14,27,39,20,19,31,11,20,176,52,124
E02004124,18,19,37,14,23,22,5,17,143,54,89
E02004125,14,17,34,16,18,26,10,16,135,40,95
E02004126,18,24,37,14,23,26,11,15,136,37,99
E02004128,17,28,45,20,25,52,15,37,256,76,180
E02004129,11,20,38,17,21,28,15,13,193,69,124
E02004130,17,45,63,26,37,67,24,43,317,97,220
E02004131,16,38,29,15,14,36,17,19,197,80,117
E02004132,17,30,35,14,21,38,22,16,201,82,119
E02004133,23,46,60,30,30,60,29,31,376,145,231
E02004134,22,24,34,14,20,41,20,21,188,69,119
E02004135,37,40,84,38,46,64,22,42,417,147,270
E02004136,30,37,49,15,34,49,23,26,315,129,186
E02004137,16,24,42,22,20,52,24,28,251,87,164
E02004138,39,45,82,28,54,72,31,41,579,190,389
E02004139,31,47,70,29,41,70,24,46,346,118,228
E02004140,33,46,92,37,55,79,31,48,569,182,387
E02004141,14,17,35,16,19,39,14,25,192,76,116
E02004142,16,19,38,15,23,33,17,16,183,72,111
E02004143,18,27,46,16,30,42,12,30,207,68,139
E02004144,20,30,47,16,31,48,22,26,280,98,182
E02004145,24,43,66,23,43,81,30,51,501,157,344
E02004146,14,28,25,12,13,22,8,14,207,64,143
E02004147,19,15,21,5,16,28,8,20,211,54,157
E02004148,40,73,87,29,58,77,31,46,613,182,431
E02004149,17,23,51,19,32,27,12,15,189,72,117
E02004150,9,14,24,10,14,23,8,15,96,28,68
E02004151,24,29,40,17,23,51,12,39,224,80,144
E02004152,4,24,25,7,18,20,3,17,172,33,139
E02004153,14,7,21,7,14,13,6,7,77,27,50
E02004154,11,16,28,10,18,33,12,21,162,45,117
E02004155,23,35,46,14,32,52,21,31,279,79,200
E02004156,16,24,35,9,26,36,13,23,230,52,178
E02004157,14,29,43,19,24,33,14,19,297,74,223
E02004158,9,16,22,4,18,26,10,16,188,50,138
E02004159,18,21,35,17,18,28,14,14,135,53,82
E02004160,27,30,41,9,32,54,22,32,268,77,191
E02004161,9,31,35,10,25,37,11,26,183,64,119
E02004162,14,32,41,15,26,35,17,18,255,78,177
E02004163,22,45,53,20,33,56,17,39,331,93,238
E02004164,23,19,36,19,17,33,10,23,177,68,109
E02004165,17,23,48,21,27,56,27,29,244,84,160
E02004166,21,16,33,16,17,38,13,25,188,71,117
E02004167,17,12,29,14,15,27,15,12,166,55,111
E02004168,11,19,34,16,18,41,16,25,197,57,140
E02004169,16,24,34,15,19,36,14,22,188,67,121
E02004170,20,16,52,23,29,38,14,24,222,63,159
E02004171,18,27,35,14,21,35,12,23,222,88,134
E02004172,19,17,30,13,17,30,8,22,126,48,78
E02004173,16,14,24,14,10,38,17,21,167,55,112
E02004174,17,32,45,20,25,34,10,24,293,94,199
E02004175,7,24,39,16,23,25,12,13,175,50,125
E02004176,22,25,50,17,33,26,9,17,180,68,112
E02004177,13,21,41,16,25,34,11,23,197,70,127
E02004178,16,17,36,17,19,31,13,18,191,71,120
E02004179,30,35,59,23,36,49,18,31,319,104,215
E02004180,23,19,30,12,18,22,5,17,162,57,105
E02004181,10,21,35,13,22,31,9,22,184,49,135
E02004182,18,24,30,14,16,28,13,15,200,51,149
E02004183,16,25,59,21,38,36,16,20,274,75,199
E02004184,19,24,21,8,13,28,12,16,160,53,107
E02004185,27,26,54,21,33,50,10,40,268,92,176
E02004186,21,27,41,13,28,38,17,21,180,65,115
E02004187,20,29,51,20,31,50,21,29,328,100,228
E02004188,16,27,41,21,20,45,21,24,197,70,127
E02004189,10,5,17,8,9,10,3,7,90,26,64
E02004190,12,32,42,13,29,37,14,23,238,83,155
E02004191,20,39,56,23,33,58,15,43,274,88,186
E02004192,22,21,51,24,27,42,16,26,200,87,113
E02004193,18,34,54,22,32,43,18,25,274,69,205
E02004194,11,17,35,13,22,25,6,19,197,63,134
E02004195,14,23,37,21,16,49,9,40,228,75,153
E02004196,25,19,38,16,22,51,20,31,251,84,167
E02004197,26,23,42,13,29,38,18,20,232,91,141
E02004198,30,26,43,15,28,53,14,39,326,110,216
E02004199,31,30,50,23,27,38,17,21,213,77,136
E02004200,24,23,58,28,30,44,15,29,266,95,171
E02004201,18,27,28,11,17,28,16,12,170,49,121
E02004202,18,30,36,13,23,38,17,21,228,89,139
E02004203,15,16,43,11,32,35,9,26,225,82,143
E02004204,26,40,65,20,45,51,27,24,250,83,167
E02004205,20,18,43,18,25,42,19,23,188,65,123
E02004206,28,39,73,26,47,56,14,42,416,136,280
E02004207,32,26,35,13,22,37,16,21,170,68,102
E02004208,22,29,77,35,42,39,17,22,339,124,215
E02004209,27,28,52,16,36,39,14,25,239,76,163
E02004210,18,45,59,12,47,49,18,31,407,104,303
E02004211,21,28,56,20,36,60,30,30,315,106,209
E02004212,11,19,31,7,24,22,7,15,146,43,103
E02004213,12,19,28,11,17,43,21,22,205,75,130
E02004214,10,16,28,10,18,31,6,25,207,55,152
E02004215,18,28,45,18,27,28,10,18,290,82,208
E02004216,11,17,36,19,17,39,13,26,157,66,91
E02004217,24,25,41,20,21,43,12,31,259,80,179
E02004218,11,20,26,11,15,35,15,20,181,73,108
E02004219,16,27,45,19,26,32,13,19,216,81,135
E02004220,35,27,36,14,22,40,12,28,216,76,140
E02004221,29,39,60,24,36,37,17,20,332,87,245
E02004222,8,19,29,12,17,39,14,25,183,56,127
E02004223,21,31,38,11,27,40,16,24,210,71,139
E02004224,17,27,36,15,21,26,11,15,190,64,126
E02004225,16,17,33,11,22,23,7,16,183,55,128
E02004226,19,21,35,18,17,38,16,22,201,73,128
E02004227,29,34,42,21,21,51,19,32,269,95,174
E02004228,26,23,39,19,20,34,13,21,176,66,110
E02004229,28,25,40,18,22,48,21,27,220,78,142
E02004230,21,31,53,20,33,22,12,10,246,73,173
E02004231,15,24,36,16,20,36,11,25,187,59,128
E02004232,14,18,33,9,24,31,9,22,187,59,128
E02004233,31,56,73,26,47,83,30,53,443,133,310
E02004234,20,24,38,20,18,29,11,18,230,71,159
E02004235,16,25,37,17,20,28,10,18,256,82,174
E02004236,19,26,38,13,25,22,10,12,191,73,118
E02004237,21,31,52,21,31,58,27,31,332,123,209
E02004238,52,65,95,36,59,111,50,61,690,265,425
E02004239,21,33,57,31,26,53,19,34,327,129,198
E02004240,11,23,27,9,18,24,7,17,136,44,92
E02004241,36,53,58,17,41,62,22,40,362,117,245
E02004242,42,42,86,35,51,83,36,47,456,169,287
E02004243,18,15,28,14,14,21,12,9,163,55,108
E02004244,27,36,63,25,38,52,20,32,277,118,159
E02004245,30,28,48,27,21,48,21,27,261,106,155
E02004246,42,42,68,26,42,51,24,27,332,134,198
E02004247,16,13,30,18,12,35,19,16,182,63,119
E02004248,29,49,74,30,44,77,30,47,516,174,342
E02004249,14,20,36,17,19,23,9,14,121,54,67
E02004250,39,59,75,35,40,94,30,64,531,211,320
E02004251,18,30,55,28,27,50,22,28,274,109,165
E02004252,24,40,68,21,47,75,23,52,426,130,296
E02004253,50,70,114,49,65,105,34,71,522,183,339
E02004254,38,30,63,30,33,44,17,27,228,81,147
E02004255,27,35,65,25,40,63,22,41,369,123,246
E02004256,31,28,50,20,30,39,20,19,224,93,131
E02004257,15,33,52,21,31,40,14,26,331,99,232
E02004258,43,52,90,38,52,57,29,28,362,122,240
E02004259,29,20,38,13,25,31,13,18,233,87,146
E02004260,15,18,36,20,16,33,16,17,170,70,100
E02004261,19,35,56,21,35,56,24,32,308,83,225
E02004262,19,29,29,12,17,34,14,20,153,59,94
E02004263,13,21,33,13,20,30,9,21,146,48,98
E02004264,19,22,37,17,20,39,14,25,198,70,128
E02004265,35,37,63,22,41,64,25,39,278,101,177
E02004266,8,18,49,27,22,30,15,15,182,62,120
E02004267,15,20,38,14,24,21,12,9,216,82,134
E02004268,44,61,65,27,38,80,32,48,512,182,330
E02004269,36,59,92,37,55,66,26,40,557,154,403
E02004270,28,51,53,31,22,50,21,29,263,104,159
E02004271,52,47,77,34,43,71,31,40,369,142,227
E02004272,35,37,76,45,31,66,29,37,335,134,201
E02004273,29,48,65,27,38,64,29,35,396,112,284
E02004274,22,32,52,14,38,48,20,28,293,93,200
E02004275,26,34,45,18,27,45,18,27,279,102,177
E02004276,19,39,48,21,27,39,13,26,348,119,229
E02004277,34,44,71,27,44,68,30,38,565,134,431
E02004278,25,42,45,15,30,55,27,28,271,106,165
E02004279,19,28,46,22,24,44,17,27,282,101,181
E02004280,21,20,59,26,33,41,18,23,192,85,107
E02004281,9,20,34,15,19,16,7,9,106,44,62
E02004282,43,53,81,40,41,71,33,38,413,133,280
E02004283,28,37,50,22,28,48,27,21,288,108,180
E02004284,24,38,47,19,28,58,27,31,309,94,215
E02004285,16,26,43,19,24,38,16,22,268,74,194
E02004286,14,22,20,5,15,18,11,7,130,48,82
E02004287,20,18,32,15,17,33,11,22,139,47,92
E02004288,6,7,17,11,6,17,7,10,109,39,70
E02004289,14,25,24,13,11,24,13,11,142,49,93
E02004290,12,7,11,4,7,10,7,3,67,23,44
E02004291,9,23,38,14,24,22,7,15,131,35,96
E02004292,23,29,40,20,20,37,18,19,142,53,89
E02004293,16,41,60,24,36,62,23,39,281,82,199
E02004294,10,22,28,9,19,42,16,26,154,63,91
E02004295,15,23,29,13,16,31,11,20,143,48,95
E02004296,18,21,23,12,11,24,9,15,119,48,71
E02004297,17,21,29,12,17,29,13,16,160,53,107
E02004298,22,28,35,20,15,41,12,29,253,82,171
E02004299,15,20,34,12,22,47,22,25,223,59,164
E02004300,9,21,28,9,19,35,14,21,158,35,123
E02004301,11,22,36,14,22,35,8,27,168,61,107
E02004302,11,17,35,14,21,26,8,18,155,42,113
E02004303,24,32,43,16,27,55,20,35,276,79,197
E02004304,19,38,44,19,25,44,12,32,239,88,151
E02004305,17,12,31,10,21,27,15,12,165,51,114
E02004306,13,20,28,10,18,32,9,23,171,61,110
E02004307,6,26,30,11,19,25,10,15,163,55,108
E02004308,19,20,24,9,15,24,8,16,98,31,67
E02004309,11,24,35,16,19,41,13,28,179,48,131
E02004310,18,16,33,18,15,22,5,17,118,45,73
E02004311,18,30,36,17,19,31,17,14,155,56,99
E02004312,22,25,41,16,25,47,24,23,217,71,146
E02004313,5,16,16,7,9,18,7,11,84,32,52
E02004314,13,15,30,14,16,25,10,15,173,46,127
E02004315,19,18,35,12,23,37,16,21,183,56,127
E02004316,10,18,15,10,5,21,12,9,98,38,60
E02004317,14,20,43,16,27,41,12,29,166,44,122
E02004318,15,20,18,3,15,27,13,14,178,50,128
E02004319,16,17,29,14,15,19,10,9,116,54,62
E02004320,14,29,43,16,27,46,19,27,196,74,122
E02004321,12,35,41,22,19,34,10,24,172,56,116
E02004322,22,25,36,17,19,45,19,26,172,62,110
E02004323,13,20,30,13,17,39,18,21,174,56,118
E02004324,13,9,26,13,13,26,13,13,87,34,53
E02004325,16,27,37,14,23,47,18,29,178,50,128
E02004326,17,10,23,12,11,27,17,10,122,38,84
E02004327,14,24,36,10,26,21,13,8,125,30,95
E02004328,14,22,24,11,13,24,6,18,81,26,55
E02004329,11,17,28,9,19,18,8,10,76,28,48
E02004330,15,12,34,13,21,34,12,22,138,53,85
E02004331,15,26,30,12,18,36,8,28,165,61,104
E02004332,12,15,26,11,15,26,6,20,108,32,76
E02004333,20,17,23,13,10,31,12,19,141,56,85
E02004334,21,28,31,7,24,25,8,17,134,50,84
E02004335,11,24,26,7,19,29,12,17,151,44,107
E02004336,22,28,50,19,31,41,13,28,207,52,155
E02004337,14,22,51,21,30,44,22,22,196,70,126
E02004338,16,15,28,9,19,25,7,18,116,39,77
E02004339,21,26,26,5,21,41,12,29,174,45,129
E02004340,23,35,45,21,24,53,25,28,274,91,183
E02004341,9,21,23,8,15,14,4,10,105,46,59
E02004342,6,12,17,4,13,18,8,10,88,20,68
E02004343,13,29,31,16,15,26,10,16,123,37,86
E02004344,29,39,39,13,26,32,8,24,170,60,110
E02004345,29,39,83,33,50,53,31,22,343,128,215
E02004346,15,12,26,14,12,25,13,12,116,44,72
E02004347,28,35,38,14,24,35,10,25,276,75,201
E02004348,20,33,38,14,24,41,15,26,207,69,138
E02004349,18,26,32,15,17,42,17,25,179,45,134
E02004350,15,29,43,15,28,34,16,18,227,75,152
E02004351,14,19,37,17,20,36,12,24,169,61,108
E02004352,15,16,35,13,22,21,10,11,188,48,140
E02004353,21,26,29,17,12,37,13,24,208,59,149
E02004354,12,19,27,9,18,31,11,20,154,51,103
E02004355,12,22,37,16,21,25,5,20,154,47,107
E02004356,15,23,35,13,22,26,11,15,145,53,92
E02004357,11,12,18,10,8,23,8,15,144,52,92
E02004358,29,40,75,32,43,61,28,33,285,113,172
E02004359,30,47,55,26,29,60,27,33,363,120,243
E02004361,32,39,59,16,43,61,28,33,316,111,205
E02004362,11,33,43,15,28,31,15,16,225,68,157
E02004363,29,46,63,20,43,74,24,50,593,152,441
E02004364,29,51,76,33,43,77,26,51,448,118,330
E02004365,5,10,21,4,17,33,15,18,131,34,97
E02004366,17,51,72,26,46,99,36,63,525,139,386
E02004367,47,66,93,34,59,109,44,65,648,232,416
E02004368,15,28,24,8,16,28,7,21,134,46,88
E02004369,39,51,75,32,43,74,28,46,372,129,243
E02004370,9,18,31,12,19,30,11,19,125,42,83
E02004371,10,12,34,21,13,27,9,18,144,48,96
E02004372,10,8,18,5,13,15,4,11,80,28,52
E02004373,24,27,42,15,27,42,17,25,264,83,181
E02004374,9,13,32,12,20,16,8,8,196,47,149
E02004375,15,27,34,12,22,28,16,12,200,54,146
E02004376,7,16,21,10,11,32,11,21,134,31,103
E02004377,27,53,61,18,43,70,27,43,525,124,401
E02004378,19,28,28,11,17,41,16,25,242,70,172
E02004379,11,23,37,8,29,30,11,19,166,57,109
E02004380,17,31,59,31,28,64,23,41,353,110,243
E02004381,16,37,51,19,32,40,16,24,273,92,181
E02004382,20,32,40,20,20,38,18,20,253,94,159
E02004383,14,31,33,10,23,38,14,24,180,64,116
E02004384,34,27,44,16,28,37,5,32,283,69,214
E02004385,22,30,59,26,33,33,15,18,254,101,153
E02004386,15,18,38,13,25,38,17,21,131,42,89
E02004387,10,16,21,7,14,16,4,12,90,30,60
E02004388,15,29,42,26,16,42,17,25,236,74,162
E02004389,46,54,79,36,43,98,40,58,575,200,375
E02004390,31,48,73,40,33,79,33,46,333,131,202
E02004391,27,30,52,14,38,53,17,36,407,115,292
E02004392,17,28,39,15,24,43,18,25,223,76,147
E02004393,23,33,32,13,19,46,18,28,212,68,144
E02004394,19,32,38,14,24,29,15,14,235,84,151
E02004395,22,47,58,27,31,47,21,26,272,86,186
E02004396,28,41,63,29,34,63,24,39,356,146,210
E02004397,24,40,48,21,27,58,25,33,350,107,243
E02004398,17,31,43,19,24,54,24,30,286,97,189
E02004399,35,55,95,44,51,81,33,48,537,182,355
E02004400,49,66,117,45,72,126,59,67,778,282,496
E02004401,56,69,107,41,66,112,48,64,663,235,428
E02004402,28,75,77,22,55,83,27,56,712,167,545
E02004403,11,22,36,17,19,32,11,21,147,54,93
E02004404,20,18,30,10,20,28,12,16,163,63,100
E02004405,18,13,31,8,23,25,13,12,148,53,95
E02004406,32,22,61,31,30,43,18,25,371,92,279
E02004407,21,24,42,28,14,32,9,23,254,90,164
E02004408,9,19,30,13,17,31,11,20,133,45,88
E02004409,10,13,34,14,20,25,8,17,233,68,165
E02004410,26,29,45,13,32,38,15,23,190,61,129
E02004411,18,34,44,14,30,45,19,26,268,82,186
E02004412,29,31,43,14,29,39,18,21,254,93,161
E02004413,18,15,32,15,17,33,18,15,222,62,160
E02004414,8,17,31,8,23,24,6,18,112,30,82
E02004415,12,14,28,17,11,22,11,11,144,52,92
E02004416,21,22,39,16,23,36,17,19,190,64,126
E02004417,18,29,47,18,29,41,17,24,263,96,167
E02004418,17,21,30,10,20,35,13,22,175,60,115
E02004419,8,23,41,18,23,34,17,17,237,70,167
E02004420,42,44,83,34,49,72,38,34,392,124,268
E02004421,32,45,61,20,41,81,26,55,476,141,335
E02004422,27,49,56,22,34,71,32,39,320,116,204
E02004423,34,63,72,28,44,56,25,31,402,148,254
E02004424,9,10,15,6,9,23,11,12,69,29,40
E02004425,13,18,30,14,16,31,12,19,219,76,143
E02004426,19,27,42,13,29,42,20,22,196,68,128
E02004427,22,38,55,22,33,40,21,19,272,93,179
E02004428,18,36,39,12,27,34,17,17,250,78,172
E02004429,21,31,51,27,24,44,18,26,211,74,137
E02004430,16,17,31,16,15,33,14,19,103,38,65
E02004431,10,17,22,10,12,18,5,13,123,37,86
E02004432,17,20,29,8,21,22,13,9,97,36,61
E02004433,10,21,36,15,21,30,15,15,174,46,128
E02004434,4,14,25,8,17,14,7,7,128,43,85
E02004435,35,23,44,16,28,46,16,30,147,52,95
E02004436,6,11,28,15,13,21,4,17,112,23,89
E02004437,24,25,27,12,15,41,15,26,144,52,92
E02004438,23,48,48,19,29,58,18,40,392,99,293
E02004439,9,13,16,11,5,18,6,12,92,31,61
E02004440,11,30,26,6,20,33,9,24,135,51,84
E02004441,12,18,42,12,30,32,8,24,125,38,87
E02004442,17,15,23,12,11,22,3,19,116,36,80
E02004443,23,24,40,16,24,32,14,18,161,59,102
E02004444,14,23,21,6,15,16,6,10,132,39,93
E02004445,5,19,38,16,22,29,13,16,137,36,101
E02004446,16,13,25,14,11,22,12,10,120,45,75
E02004447,11,24,31,18,13,26,9,17,120,38,82
E02004448,16,20,36,14,22,40,14,26,195,63,132
E02004449,20,24,33,8,25,35,19,16,251,66,185
E02004450,14,19,35,21,14,23,9,14,147,58,89
E02004451,30,37,45,14,31,43,21,22,273,83,190
E02004452,22,38,38,16,22,45,10,35,325,88,237
E02004453,19,17,33,8,25,31,15,16,164,55,109
E02004454,13,27,38,14,24,39,15,24,264,74,190
E02004455,8,18,31,12,19,22,10,12,100,45,55
E02004456,17,13,27,10,17,36,15,21,128,43,85
E02004457,21,18,47,17,30,30,11,19,224,83,141
E02004458,19,21,27,10,17,23,5,18,138,54,84
E02004459,29,30,56,18,38,36,17,19,278,90,188
E02004460,17,24,27,6,21,29,11,18,129,47,82
E02004461,5,7,7,4,3,13,6,7,76,27,49
E02004462,25,29,48,12,36,53,15,38,350,96,254
E02004463,25,32,46,17,29,50,25,25,226,79,147
E02004464,29,24,52,24,28,42,18,24,236,80,156
E02004465,8,28,39,20,19,23,14,9,185,54,131
E02004466,18,40,57,21,36,48,14,34,250,100,150
E02004467,9,27,35,14,21,32,12,20,255,80,175
E02004468,33,36,82,33,49,68,30,38,348,157,191
E02004469,17,17,34,19,15,34,17,17,156,64,92
E02004470,9,28,40,15,25,44,11,33,290,88,202
E02004471,19,27,46,10,36,39,17,22,316,95,221
E02004472,11,19,39,12,27,31,18,13,154,52,102
E02004473,15,21,32,15,17,23,10,13,125,38,87
E02004474,18,21,37,17,20,34,12,22,248,88,160
E02004475,14,24,26,9,17,28,11,17,138,46,92
E02004476,26,18,33,18,15,37,11,26,194,70,124
E02004477,26,28,41,22,19,42,20,22,236,87,149
E02004478,15,32,32,15,17,43,11,32,273,88,185
E02004479,30,31,41,15,26,33,13,20,254,75,179
E02004480,7,14,16,8,8,14,3,11,87,43,44
E02004481,20,36,44,17,27,39,25,14,190,66,124
E02004482,12,20,18,9,9,29,10,19,177,48,129
E02004483,22,21,47,19,28,39,17,22,198,61,137
E02004484,19,23,43,18,25,37,11,26,194,54,140
E02004485,15,20,30,13,17,29,16,13,159,47,112
E02004486,20,29,44,18,26,32,12,20,275,79,196
E02004487,16,28,35,15,20,40,16,24,235,86,149
E02004488,13,25,31,13,18,20,7,13,172,52,120
E02004489,10,21,30,18,12,20,6,14,99,43,56
E02004490,12,24,41,17,24,31,10,21,226,76,150
E02004491,16,13,43,22,21,33,11,22,144,67,77
E02004492,5,17,31,9,22,23,13,10,123,36,87
E02004493,19,20,44,16,28,44,23,21,241,72,169
E02004494,11,26,38,19,19,35,12,23,218,44,174
E02004495,24,30,60,21,39,46,23,23,229,93,136
E02004496,16,22,38,16,22,37,18,19,215,79,136
E02004497,22,23,50,25,25,47,21,26,262,84,178
E02004498,15,17,32,13,19,44,17,27,215,77,138
E02004499,13,10,22,11,11,11,4,7,72,29,43
E02004500,19,26,41,19,22,38,18,20,187,67,120
E02004501,13,16,26,9,17,27,11,16,138,54,84
E02004502,23,28,36,16,20,27,15,12,150,54,96
E02004503,7,20,30,9,21,28,16,12,141,54,87
E02004504,11,23,29,11,18,26,7,19,141,36,105
E02004505,10,19,32,13,19,25,10,15,130,49,81
E02004506,14,24,35,18,17,34,14,20,205,66,139
E02004507,9,15,19,9,10,13,4,9,99,37,62
E02004508,14,24,32,17,15,29,13,16,137,49,88
E02004509,21,16,27,11,16,34,16,18,128,48,80
E02004512,16,31,41,15,26,57,22,35,263,61,202
E02004513,1,19,13,2,11,23,16,7,113,22,91
E02004514,18,18,46,16,30,38,23,15,242,57,185
E02004515,7,11,34,12,22,32,12,20,183,53,130
E02004516,5,8,28,9,19,22,13,9,88,27,61
E02004517,20,26,56,23,33,40,13,27,252,75,177
E02004518,10,14,20,6,14,17,7,10,133,38,95
E02004519,28,31,55,30,25,54,27,27,235,88,147
E02004520,12,8,20,8,12,24,7,17,110,28,82
E02004521,21,28,28,9,19,35,11,24,200,52,148
E02004522,15,19,33,13,20,41,17,24,175,65,110
E02004523,18,29,34,9,25,24,16,8,122,43,79
E02004524,14,28,36,19,17,37,18,19,149,55,94
E02004525,18,26,50,18,32,37,15,22,209,75,134
E02004526,27,44,60,25,35,57,25,32,320,98,222
E02004527,24,24,38,15,23,34,18,16,179,45,134
E02004528,19,25,34,21,13,35,19,16,178,65,113
E02004529,18,20,33,19,14,31,13,18,90,40,50
E02004530,22,27,39,19,20,32,9,23,176,58,118
E02004531,21,27,40,11,29,35,9,26,213,71,142
E02004532,21,18,31,13,18,34,14,20,209,61,148
E02004533,11,25,43,16,27,32,12,20,238,66,172
E02004534,10,15,29,18,11,14,5,9,143,41,102
E02004535,21,22,29,13,16,27,7,20,129,47,82
E02004536,22,24,32,11,21,47,18,29,241,84,157
E02004537,14,26,44,17,27,45,11,34,267,78,189
E02004538,17,25,44,16,28,35,11,24,248,97,151
E02004539,18,26,37,14,23,37,15,22,169,51,118
E02004540,14,12,22,7,15,19,6,13,163,54,109
E02004541,29,39,58,20,38,67,24,43,391,120,271
E02004542,8,9,34,18,16,28,13,15,143,58,85
E02004543,15,14,39,9,30,26,13,13,166,57,109
E02004544,20,41,35,12,23,29,12,17,179,58,121
E02004545,14,37,44,16,28,47,16,31,247,79,168
E02004546,19,25,60,28,32,33,9,24,203,81,122
E02004547,19,23,40,16,24,32,15,17,159,54,105
E02004548,9,7,13,6,7,11,4,7,41,13,28
E02004549,24,25,40,15,25,46,21,25,186,66,120
E02004550,14,19,38,20,18,36,15,21,184,58,126
E02004551,15,30,50,20,30,39,14,25,165,45,120
E02004552,19,14,23,11,12,30,9,21,89,29,60
E02004553,2,9,26,10,16,20,11,9,82,31,51
E02004554,8,6,17,9,8,19,8,11,74,31,43
E02004555,7,15,19,8,11,15,5,10,125,36,89
E02004556,13,26,38,21,17,36,14,22,171,51,120
E02004557,13,25,20,7,13,31,12,19,167,49,118
E02004558,22,24,57,23,34,46,11,35,308,95,213
E02004559,10,18,33,13,20,32,13,19,152,53,99
E02004560,23,26,44,18,26,45,17,28,213,71,142
E02004561,17,20,42,22,20,23,13,10,175,63,112
E02004562,27,25,26,7,19,27,9,18,208,75,133
E02004563,12,16,25,9,16,35,14,21,170,60,110
E02004564,19,21,33,18,15,35,17,18,181,71,110
E02004565,47,44,87,33,54,64,23,41,370,120,250
E02004566,13,24,24,11,13,38,9,29,184,46,138
E02004567,25,31,50,24,26,36,15,21,197,68,129
E02004568,15,17,32,11,21,27,9,18,133,43,90
E02004569,25,25,43,21,22,26,6,20,210,61,149
E02004570,30,34,65,22,43,59,19,40,335,91,244
E02004571,18,28,55,20,35,41,19,22,185,74,111
E02004572,13,21,30,12,18,29,16,13,156,51,105
E02004573,9,26,20,10,10,29,10,19,210,60,150
E02004574,20,28,40,10,30,37,20,17,181,73,108
E02004575,26,44,47,21,26,34,22,12,297,100,197
E02004576,39,40,55,21,34,57,23,34,278,103,175
E02004577,14,10,34,15,19,24,11,13,131,56,75
E02004578,23,43,81,31,50,81,30,51,515,144,371
E02004579,26,24,42,15,27,46,16,30,201,89,112
E02004580,76,102,130,65,65,118,44,74,743,231,512
E02004581,16,22,49,21,28,38,17,21,257,72,185
E02004582,22,36,60,32,28,58,15,43,287,111,176
E02004583,22,33,46,17,29,38,18,20,304,103,201
E02004584,30,47,86,37,49,64,29,35,432,148,284
E02004585,28,34,56,22,34,45,21,24,236,100,136
E02004586,22,46,53,17,36,53,18,35,446,113,333
E02004587,17,27,33,12,21,39,20,19,207,78,129
E02004588,26,33,62,20,42,41,16,25,324,112,212
E02004589,22,32,52,15,37,66,24,42,329,100,229
E02004590,28,32,63,29,34,57,18,39,270,90,180
E02004591,17,18,32,11,21,34,14,20,171,75,96
E02004592,26,46,66,25,41,84,31,53,436,121,315
E02004593,18,20,31,16,15,33,13,20,171,71,100
E02004594,11,23,31,16,15,36,11,25,165,55,110
E02004595,17,25,39,15,24,43,17,26,230,77,153
E02004596,10,10,22,7,15,28,10,18,115,42,73
E02004597,17,22,32,13,19,28,9,19,194,61,133
E02004598,27,38,46,24,22,45,23,22,255,88,167
E02004599,14,12,33,15,18,33,12,21,170,61,109
E02004600,5,10,15,7,8,13,7,6,69,26,43
E02004601,15,21,39,13,26,51,21,30,272,108,164
E02004602,8,13,25,7,18,32,15,17,150,42,108
E02004603,8,18,34,20,14,20,12,8,111,44,67
E02004604,13,18,22,8,14,27,11,16,107,30,77
E02004605,12,9,17,9,8,14,6,8,144,56,88
E02004606,19,29,31,10,21,32,15,17,225,79,146
E02004607,11,23,34,14,20,41,22,19,226,62,164
E02004608,18,29,55,19,36,40,7,33,415,119,296
E02004609,15,15,27,14,13,20,7,13,155,69,86
E02004610,14,33,57,23,34,59,22,37,312,89,223
E02004611,27,37,60,22,38,57,21,36,367,116,251
E02004612,21,26,47,23,24,48,23,25,272,101,171
E02004613,11,30,46,18,28,48,10,38,303,102,201
E02004614,19,26,25,8,17,34,10,24,198,58,140
E02004615,39,37,60,24,36,53,18,35,338,120,218
E02004616,32,35,58,20,38,58,26,32,396,118,278
E02004617,30,44,44,13,31,45,18,27,268,104,164
E02004618,17,28,37,17,20,36,11,25,146,56,90
E02004619,15,33,30,13,17,43,23,20,196,75,121
E02004620,17,22,42,17,25,33,8,25,173,68,105
E02004621,26,41,48,16,32,52,12,40,408,110,298
E02004622,8,29,35,13,22,22,8,14,200,64,136
E02004623,31,35,62,23,39,46,17,29,282,92,190
E02004624,15,17,35,16,19,27,12,15,119,44,75
E02004625,27,24,60,19,41,62,24,38,256,87,169
E02004626,25,27,46,22,24,37,14,23,222,85,137
E02004627,6,21,38,15,23,28,7,21,186,59,127
E02004628,21,33,35,18,17,35,16,19,226,77,149
E02004629,19,28,54,21,33,59,25,34,266,79,187
E02004630,13,23,44,20,24,33,14,19,226,65,161
E02004631,10,12,26,9,17,13,7,6,125,46,79
E02004632,20,29,47,19,28,46,10,36,294,89,205
E02004633,16,21,43,24,19,36,16,20,166,52,114
E02004634,25,36,46,17,29,53,24,29,278,90,188
E02004635,18,20,39,13,26,36,13,23,243,77,166
E02004636,22,26,42,18,24,36,17,19,164,44,120
E02004637,25,30,51,19,32,49,20,29,379,104,275
E02004638,18,30,23,12,11,28,11,17,187,53,134
E02004639,5,23,33,16,17,32,14,18,181,61,120
E02004640,4,14,20,9,11,26,10,16,93,34,59
E02004641,25,47,57,21,36,49,20,29,269,86,183
E02004642,16,24,45,20,25,33,12,21,146,52,94
E02004643,9,19,23,12,11,15,7,8,91,24,67
E02004644,15,18,33,16,17,32,10,22,144,45,99
E02004645,13,26,35,14,21,27,13,14,109,46,63
E02004646,17,24,32,8,24,37,14,23,183,73,110
E02004647,14,18,33,12,21,33,11,22,229,69,160
E02004648,17,19,27,14,13,33,15,18,122,42,80
E02004649,12,6,8,4,4,11,5,6,102,29,73
E02004650,15,24,19,4,15,18,8,10,98,30,68
E02004651,13,20,31,13,18,29,12,17,154,47,107
E02004652,26,24,41,19,22,46,17,29,252,87,165
E02004653,14,18,29,10,19,21,9,12,167,56,111
E02004654,23,34,53,18,35,59,19,40,282,87,195
E02004655,13,29,35,12,23,32,15,17,210,61,149
E02004656,9,37,51,16,35,42,15,27,259,73,186
E02004657,13,14,21,13,8,20,10,10,101,41,60
E02004658,14,5,34,13,21,18,6,12,121,47,74
E02004659,21,18,34,13,21,29,11,18,170,62,108
E02004660,22,24,48,16,32,53,18,35,309,100,209
E02004661,32,28,59,25,34,37,16,21,235,82,153
E02004662,8,28,27,14,13,34,14,20,149,46,103
E02004663,10,25,26,9,17,23,8,15,217,62,155
E02004664,13,22,28,11,17,19,12,7,175,58,117
E02004665,22,24,45,18,27,43,25,18,263,84,179
E02004666,18,19,15,7,8,21,8,13,160,45,115
E02004667,33,43,63,20,43,41,16,25,329,99,230
E02004668,29,28,60,26,34,42,14,28,271,100,171
E02004669,17,23,36,11,25,30,16,14,200,63,137
E02004670,36,52,76,26,50,82,28,54,436,160,276
E02004671,9,14,30,15,15,29,16,13,137,41,96
E02004672,34,32,66,22,44,73,38,35,311,101,210
E02004673,12,26,33,9,24,36,18,18,192,58,134
E02004674,24,32,51,18,33,37,16,21,232,69,163
E02004675,17,15,34,13,21,26,14,12,132,48,84
E02004676,11,13,32,16,16,34,12,22,169,70,99
E02004677,12,19,26,14,12,26,7,19,121,39,82
E02004678,20,25,28,13,15,28,9,19,158,55,103
E02004679,10,23,34,12,22,40,19,21,161,53,108
E02004680,4,3,4,2,2,7,3,4,27,12,15
E02004681,9,16,22,7,15,19,5,14,116,34,82
E02004682,8,12,16,5,11,16,5,11,93,26,67
E02004683,16,21,26,12,14,30,12,18,191,52,139
E02004684,7,8,20,6,14,22,10,12,86,35,51
E02004685,9,13,35,16,19,13,3,10,115,44,71
E02004686,8,12,25,8,17,25,10,15,138,40,98
E02004687,14,5,16,8,8,15,5,10,95,34,61
E02004688,27,27,57,21,36,38,12,26,204,74,130
E02004689,12,17,24,7,17,25,11,14,194,69,125
E02004690,17,11,27,15,12,20,10,10,89,36,53
E02004691,24,23,42,20,22,41,20,21,224,78,146
E02004692,20,28,35,12,23,35,13,22,132,50,82
E02004693,6,12,15,7,8,5,2,3,85,26,59
E02004694,12,17,44,19,25,33,12,21,172,62,110
E02004695,1,6,5,2,3,6,4,2,20,5,15
E02004696,12,12,33,14,19,40,19,21,176,61,115
E02004697,12,16,33,13,20,21,5,16,187,54,133
E02004698,8,34,39,14,25,35,12,23,216,44,172
E02004699,23,26,51,15,36,55,22,33,300,96,204
E02004700,4,7,15,7,8,12,4,8,68,20,48
E02004702,7,9,22,15,7,24,13,11,108,36,72
E02004703,22,35,35,21,14,40,18,22,240,93,147
E02004704,11,13,26,12,14,18,8,10,113,44,69
E02004705,22,28,61,30,31,40,12,28,231,86,145
E02004706,26,29,32,11,21,44,20,24,330,79,251
E02004707,35,38,69,29,40,72,26,46,374,122,252
E02004708,26,45,56,16,40,41,12,29,331,101,230
E02004709,19,18,28,13,15,23,7,16,132,59,73
E02004710,14,14,30,13,17,24,9,15,100,31,69
E02004712,28,34,59,31,28,53,20,33,315,118,197
E02004713,11,20,35,12,23,33,17,16,173,57,116
E02004714,14,30,45,21,24,47,19,28,241,72,169
E02004715,18,23,39,15,24,25,10,15,148,52,96
E02004716,20,33,36,19,17,40,21,19,139,50,89
E02004717,19,21,42,17,25,42,17,25,248,65,183
E02004718,12,15,20,7,13,26,7,19,107,36,71
E02004719,19,32,44,20,24,42,17,25,181,73,108
E02004720,29,25,56,25,31,58,14,44,343,117,226
E02004721,5,8,16,7,9,8,1,7,80,32,48
E02004722,19,18,40,13,27,40,13,27,215,63,152
E02004723,19,29,38,12,26,44,19,25,179,59,120
E02004724,7,21,25,13,12,32,13,19,113,38,75
E02004725,11,24,34,18,16,34,10,24,186,44,142
E02004726,14,17,24,9,15,18,6,12,122,51,71
E02004727,16,17,29,10,19,20,6,14,155,58,97
E02004728,11,20,22,9,13,40,21,19,172,53,119
E02004729,29,19,36,8,28,41,15,26,142,46,96
E02004730,37,25,53,24,29,50,17,33,272,98,174
E02004731,13,25,35,20,15,31,15,16,192,67,125
E02004732,18,29,39,19,20,46,17,29,198,76,122
E02004733,14,20,25,10,15,39,18,21,135,46,89
E02004734,30,29,51,21,30,48,18,30,309,91,218
E02004735,27,30,42,20,22,44,17,27,249,90,159
E02004736,13,29,56,24,32,43,18,25,237,93,144
E02004737,8,19,32,12,20,38,11,27,166,44,122
E02004738,26,28,45,17,28,36,11,25,258,78,180
E02004739,25,32,55,24,31,60,22,38,330,113,217
E02004740,31,35,40,12,28,50,15,35,262,101,161
E02004741,15,23,34,15,19,33,16,17,140,42,98
E02004742,19,16,41,16,25,29,14,15,125,45,80
E02004743,12,15,23,9,14,35,11,24,108,44,64
E02004744,8,7,13,6,7,8,4,4,73,28,45
E02004745,10,9,13,7,6,21,8,13,130,40,90
E02004746,24,40,66,23,43,64,23,41,429,143,286
E02004747,14,16,25,7,18,14,7,7,118,37,81
E02004748,24,24,40,8,32,23,8,15,201,64,137
E02004749,25,41,63,29,34,59,25,34,373,124,249
E02004750,21,23,39,20,19,46,11,35,294,83,211
E02004751,16,19,38,19,19,32,13,19,143,50,93
E02004752,14,16,20,6,14,15,8,7,71,24,47
E02004753,30,17,36,20,16,37,14,23,142,54,88
E02004754,16,29,37,12,25,27,6,21,159,60,99
E02004755,12,34,44,23,21,41,11,30,265,90,175
E02004756,9,22,24,10,14,35,13,22,167,52,115
E02004757,15,21,46,18,28,41,20,21,209,81,128
E02004758,18,22,22,15,7,29,10,19,207,58,149
E02004759,13,15,40,15,25,40,21,19,218,68,150
E02004760,13,17,19,7,12,23,12,11,156,52,104
E02004761,17,19,26,9,17,23,9,14,105,35,70
E02004764,35,29,49,27,22,43,17,26,239,84,155
E02004765,8,14,20,13,7,25,9,16,108,42,66
E02004766,12,26,41,17,24,34,14,20,183,45,138
E02004767,7,10,13,4,9,11,4,7,83,26,57
E02004768,7,14,30,10,20,12,2,10,103,25,78
E02004769,10,15,27,13,14,24,11,13,80,26,54
E02004770,14,16,17,7,10,17,5,12,68,26,42
E02004771,19,32,54,17,37,42,12,30,165,64,101
E02004772,19,38,35,10,25,36,12,24,234,88,146
E02004774,43,60,104,34,70,90,32,58,530,194,336
E02004775,30,48,68,30,38,50,21,29,338,127,211
E02004776,15,19,37,23,14,59,30,29,200,73,127
E02004777,16,26,51,24,27,45,21,24,279,73,206
E02004778,27,30,44,27,17,40,23,17,260,77,183
E02004779,41,54,83,31,52,66,21,45,461,168,293
E02004780,16,15,30,15,15,40,22,18,144,57,87
E02004781,12,19,27,9,18,24,10,14,145,58,87
E02004782,25,41,50,18,32,56,26,30,231,89,142
E02004783,14,15,24,12,12,25,15,10,136,54,82
E02004784,32,31,41,22,19,36,20,16,315,93,222
E02004785,22,29,46,22,24,34,14,20,230,68,162
E02004786,10,13,23,10,13,24,11,13,116,48,68
E02004787,25,28,50,20,30,55,27,28,291,111,180
E02004788,24,22,42,20,22,51,25,26,203,62,141
E02004789,33,56,74,31,43,59,28,31,313,115,198
E02004790,28,37,50,18,32,52,17,35,308,98,210
E02004791,12,14,14,9,5,20,7,13,109,40,69
E02004792,20,38,59,19,40,36,20,16,226,92,134
E02004793,32,28,63,27,36,83,33,50,394,121,273
E02004794,26,33,42,20,22,31,11,20,275,83,192
E02004795,25,48,72,25,47,88,32,56,501,171,330
E02004796,43,44,77,39,38,93,35,58,394,152,242
E02004797,29,30,43,22,21,38,16,22,220,75,145
E02004798,15,21,35,12,23,35,10,25,198,60,138
E02004799,41,57,101,27,74,110,45,65,717,210,507
E02004800,54,67,115,42,73,99,46,53,716,267,449
E02004801,38,65,85,38,47,80,33,47,689,225,464
E02004802,12,18,24,6,18,30,14,16,165,34,131
E02004803,6,10,19,8,11,11,5,6,74,20,54
E02004804,8,9,12,4,8,12,5,7,59,20,39
E02004805,17,24,50,12,38,39,14,25,226,68,158
E02004806,7,6,24,11,13,15,6,9,116,42,74
E02004807,15,29,47,24,23,28,11,17,183,68,115
E02004808,8,16,32,10,22,31,12,19,197,64,133
E02004809,7,5,8,4,4,9,3,6,46,13,33
E02004810,7,11,17,4,13,12,5,7,66,16,50
E02004811,11,20,28,16,12,47,18,29,218,55,163
E02004812,9,13,13,3,10,20,6,14,90,35,55
E02004813,15,14,24,11,13,22,9,13,136,38,98
E02004814,10,16,24,10,14,26,7,19,115,44,71
E02004815,6,10,6,2,4,10,3,7,51,16,35
E02004816,25,38,41,15,26,32,14,18,223,65,158
E02004817,17,16,34,13,21,31,15,16,216,65,151
E02004818,18,18,38,21,17,41,17,24,200,65,135
E02004819,17,30,41,20,21,31,10,21,288,86,202
E02004820,16,12,25,9,16,28,13,15,132,44,88
E02004821,21,20,37,18,19,29,15,14,107,32,75
E02004822,25,17,42,9,33,33,11,22,193,67,126
E02004823,19,18,48,15,33,43,21,22,230,77,153
E02004824,17,43,65,24,41,56,23,33,343,85,258
E02004825,37,34,58,28,30,57,22,35,309,93,216
E02004826,24,16,23,4,19,37,21,16,178,46,132
E02004827,5,9,21,9,12,15,6,9,83,25,58
E02004828,14,19,31,13,18,15,5,10,169,56,113
E02004829,9,11,22,12,10,20,10,10,143,41,102
E02004830,10,32,30,10,20,26,13,13,135,58,77
E02004831,42,52,88,35,53,76,23,53,451,132,319
E02004832,27,30,54,18,36,55,19,36,264,93,171
E02004833,24,41,44,19,25,50,18,32,267,92,175
E02004834,16,18,48,14,34,29,13,16,224,66,158
E02004835,25,32,48,19,29,61,22,39,335,92,243
E02004836,11,18,19,9,10,18,5,13,102,26,76
E02004837,29,28,41,18,23,40,18,22,159,73,86
E02004838,21,35,54,20,34,49,21,28,243,72,171
E02004839,10,18,41,21,20,27,11,16,201,82,119
E02004840,28,24,52,21,31,35,13,22,280,79,201
E02004841,20,32,52,25,27,44,15,29,246,79,167
E02004842,20,26,40,22,18,37,15,22,233,66,167
E02004843,9,16,28,8,20,17,7,10,116,39,77
E02004844,14,15,37,12,25,29,12,17,104,36,68
E02004845,13,27,44,13,31,34,13,21,207,68,139
E02004846,13,23,36,11,25,30,11,19,172,60,112
E02004847,14,19,25,13,12,26,11,15,107,27,80
E02004848,7,18,27,11,16,20,7,13,102,45,57
E02004849,13,16,27,9,18,15,5,10,81,36,45
E02004850,17,17,32,13,19,34,15,19,129,48,81
E02004851,8,17,23,9,14,23,5,18,117,33,84
E02004852,18,39,30,12,18,37,16,21,199,60,139
E02004853,18,24,33,10,23,23,6,17,165,50,115
E02004854,16,37,48,25,23,62,28,34,216,86,130
E02004855,14,10,22,8,14,18,3,15,100,26,74
E02004856,15,16,15,6,9,13,7,6,105,37,68
E02004857,7,8,21,10,11,18,4,14,163,53,110
E02004858,6,14,21,10,11,17,9,8,96,30,66
E02004859,14,18,20,11,9,16,7,9,93,46,47
E02004860,3,4,5,2,3,3,1,2,26,11,15
E02004861,17,22,37,17,20,31,16,15,223,81,142
E02004862,10,5,19,7,12,12,3,9,78,30,48
E02004863,12,28,44,14,30,35,10,25,215,73,142
E02004864,24,26,34,12,22,26,10,16,173,58,115
E02004865,9,23,26,8,18,28,11,17,123,51,72
E02004866,13,29,35,18,17,36,14,22,209,74,135
E02004867,22,16,25,12,13,28,7,21,138,52,86
E02004868,19,21,42,17,25,40,16,24,287,79,208
E02004869,11,16,28,8,20,24,12,12,135,49,86
E02004870,21,34,47,18,29,56,21,35,286,94,192
E02004871,21,18,25,9,16,28,8,20,122,55,67
E02004872,23,12,38,11,27,35,14,21,142,64,78
E02004873,16,14,32,14,18,40,20,20,165,59,106
E02004874,8,7,36,13,23,16,5,11,122,39,83
E02004875,14,31,38,13,25,52,15,37,189,79,110
E02004876,19,23,39,15,24,34,14,20,138,52,86
E02004877,10,14,18,3,15,24,8,16,147,39,108
E02004878,15,26,34,12,22,29,10,19,149,43,106
E02004879,24,22,38,20,18,26,14,12,152,50,102
E02004880,21,14,28,10,18,25,13,12,183,58,125
E02004881,16,22,42,14,28,32,14,18,153,44,109
E02004882,16,16,20,8,12,38,12,26,141,57,84
E02004883,13,11,32,15,17,10,3,7,100,33,67
E02004884,19,29,34,11,23,33,13,20,164,46,118
E02004885,8,19,22,6,16,20,12,8,102,31,71
E02004886,9,13,25,9,16,27,13,14,134,43,91
E02004887,10,17,29,13,16,14,5,9,123,46,77
E02004888,23,26,30,17,13,33,12,21,195,67,128
E02004889,23,31,50,29,21,37,16,21,307,87,220
E02004890,13,17,24,11,13,30,14,16,150,52,98
E02004891,11,25,37,7,30,48,17,31,211,63,148
E02004892,4,28,27,18,9,24,11,13,128,37,91
E02004893,1,4,9,1,8,3,2,1,60,16,44
E02004894,13,18,28,16,12,28,13,15,159,61,98
E02004895,19,25,32,16,16,23,9,14,187,45,142
E02004896,31,29,62,21,41,73,26,47,418,131,287
E02004897,9,28,42,18,24,36,16,20,170,76,94
E02004898,27,39,48,25,23,34,9,25,224,78,146
E02004899,10,7,22,7,15,18,5,13,150,37,113
E02004900,25,29,37,16,21,37,20,17,189,74,115
E02004901,13,29,41,10,31,35,10,25,253,81,172
E02004902,5,16,29,15,14,23,9,14,168,48,120
E02004903,12,10,23,9,14,20,10,10,117,38,79
E02004904,4,11,23,8,15,17,6,11,99,38,61
E02004905,9,11,29,12,17,32,15,17,158,46,112
E02004906,9,21,34,15,19,36,11,25,158,51,107
E02004907,22,27,37,15,22,43,20,23,205,47,158
E02004908,33,34,51,23,28,52,22,30,347,117,230
E02004909,10,12,20,12,8,13,2,11,155,41,114
E02004910,24,24,41,19,22,33,13,20,220,67,153
E02004911,19,31,46,22,24,42,23,19,243,89,154
E02004912,18,37,41,15,26,47,18,29,346,127,219
E02004913,18,28,48,21,27,44,18,26,267,80,187
E02004914,8,20,30,12,18,38,6,32,226,65,161
E02004915,11,8,22,4,18,23,9,14,116,34,82
E02004916,16,26,35,16,19,25,13,12,231,80,151
E02004917,5,14,28,13,15,20,6,14,166,58,108
E02004918,19,12,23,14,9,14,5,9,126,34,92
E02004919,16,21,30,8,22,32,9,23,155,58,97
E02004920,17,41,60,24,36,50,19,31,379,97,282
E02004921,17,22,30,8,22,23,8,15,205,76,129
E02004922,21,30,44,22,22,36,15,21,262,82,180
E02004923,21,27,52,20,32,48,16,32,280,85,195
E02004924,9,17,23,7,16,23,8,15,161,51,110
E02004925,12,27,34,11,23,28,13,15,163,48,115
E02004926,19,34,42,16,26,49,18,31,278,72,206
E02004927,16,22,24,11,13,34,11,23,166,56,110
E02004928,15,19,32,18,14,33,11,22,160,73,87
E02004929,16,31,35,21,14,27,11,16,165,71,94
E02004930,8,15,26,12,14,31,12,19,174,45,129
E02004931,24,25,46,27,19,29,15,14,128,48,80
E02004932,13,28,38,9,29,34,9,25,251,61,190
E02004933,8,16,29,10,19,18,8,10,120,41,79
E02004934,4,24,20,10,10,12,8,4,101,32,69
E02004935,9,18,29,8,21,23,8,15,164,48,116
E02004936,7,10,16,6,10,16,8,8,75,34,41
E02004937,21,18,45,16,29,27,10,17,203,74,129
E02004938,6,10,18,9,9,21,10,11,61,26,35
E02004939,16,22,37,19,18,37,17,20,161,54,107
E02004940,11,9,23,8,15,32,11,21,190,48,142
E02004941,12,16,29,13,16,23,11,12,119,48,71
E02004942,16,19,22,14,8,23,11,12,147,50,97
E02004943,19,29,50,27,23,51,25,26,207,77,130
E02004944,2,6,11,6,5,5,3,2,65,19,46
E02004945,21,31,41,18,23,36,15,21,185,64,121
E02004946,13,11,22,10,12,15,6,9,116,36,80
E02004947,7,10,15,8,7,17,6,11,88,30,58
E02004948,11,20,29,17,12,27,8,19,103,37,66
E02004949,13,29,39,19,20,37,13,24,216,72,144
E02004950,16,18,27,10,17,28,12,16,63,27,36
E02004951,13,37,31,13,18,35,12,23,196,92,104
E02004952,15,18,25,8,17,28,12,16,161,38,123
E02004953,16,21,10,5,5,27,12,15,98,33,65
E02004954,17,25,31,15,16,34,12,22,140,44,96
E02004955,8,22,23,9,14,22,8,14,116,45,71
E02004956,23,17,33,16,17,42,18,24,208,67,141
E02004957,9,20,33,10,23,28,7,21,110,41,69
E02004958,17,17,38,13,25,29,7,22,197,61,136
E02004959,15,30,34,17,17,39,16,23,302,92,210
E02004960,9,22,30,15,15,36,14,22,132,57,75
E02004961,24,25,35,10,25,35,11,24,196,70,126
E02004962,11,23,47,20,27,29,12,17,256,59,197
E02004963,8,21,18,5,13,19,7,12,145,46,99
E02004964,12,18,26,13,13,17,7,10,100,32,68
E02004965,14,22,42,17,25,40,17,23,199,72,127
E02004966,16,16,39,20,19,36,13,23,209,75,134
E02004967,7,21,22,11,11,21,7,14,158,48,110
E02004968,6,19,36,12,24,26,7,19,156,54,102
E02004969,9,11,20,7,13,22,12,10,108,33,75
E02004970,19,26,42,18,24,27,10,17,158,55,103
E02004971,10,18,16,7,9,27,5,22,111,39,72
E02004972,15,11,9,5,4,17,3,14,90,32,58
E02004973,5,7,11,4,7,10,3,7,44,12,32
E02004974,13,26,42,16,26,44,11,33,294,82,212
E02004975,16,20,36,15,21,29,12,17,133,55,78
E02004976,8,17,26,7,19,21,6,15,136,37,99
E02004977,5,11,16,4,12,9,3,6,91,38,53
E02004978,18,24,23,8,15,28,9,19,130,35,95
E02004979,6,17,17,5,12,18,7,11,128,38,90
E02004980,19,12,34,18,16,17,9,8,159,52,107
E02004981,12,20,35,13,22,32,13,19,151,59,92
E02004982,19,25,37,17,20,35,21,14,136,56,80
E02004983,12,20,23,16,7,32,20,12,94,39,55
E02004984,14,17,23,9,14,22,5,17,126,33,93
E02004985,25,32,63,18,45,44,9,35,335,86,249
E02004986,5,12,24,9,15,15,5,10,100,34,66
E02004987,16,31,40,16,24,42,23,19,133,59,74
E02004988,10,17,34,17,17,30,11,19,173,41,132
E02004989,14,21,32,15,17,18,5,13,219,70,149
E02004990,8,17,35,13,22,25,10,15,180,60,120
E02004991,16,22,26,10,16,26,12,14,156,49,107
E02004992,18,18,28,10,18,32,11,21,124,41,83
E02004993,19,21,35,13,22,25,11,14,150,56,94
E02004994,16,21,20,9,11,28,14,14,151,51,100
E02004995,12,20,30,7,23,32,12,20,137,58,79
E02004996,22,20,36,13,23,41,18,23,220,80,140
E02004997,24,23,41,16,25,36,12,24,235,75,160
E02004998,10,23,32,15,17,32,17,15,164,54,110
E02004999,20,30,44,15,29,53,18,35,254,80,174
E02005000,17,18,28,12,16,32,12,20,201,53,148
E02005001,20,28,39,16,23,37,11,26,234,74,160
E02005002,12,23,27,12,15,18,4,14,139,41,98
E02005003,7,15,16,4,12,10,6,4,91,31,60
E02005004,8,10,14,1,13,25,11,14,151,49,102
E02005005,13,19,32,18,14,19,9,10,178,62,116
E02005006,14,14,26,10,16,24,8,16,111,46,65
E02005007,24,24,35,15,20,36,11,25,186,59,127
E02005008,28,41,75,27,48,73,26,47,440,148,292
E02005009,14,21,23,11,12,24,8,16,129,57,72
E02005010,16,47,57,12,45,52,16,36,406,84,322
E02005011,27,45,49,22,27,48,15,33,381,135,246
E02005012,23,41,43,22,21,48,15,33,258,101,157
E02005013,26,51,48,23,25,63,26,37,313,105,208
E02005014,40,30,69,31,38,69,29,40,364,127,237
E02005015,26,24,44,20,24,30,10,20,167,55,112
E02005016,21,31,56,17,39,44,20,24,301,94,207
E02005017,19,19,38,8,30,36,17,19,271,68,203
E02005018,22,22,42,20,22,34,21,13,218,79,139
E02005019,11,19,34,19,15,24,2,22,191,63,128
E02005020,14,20,32,13,19,28,12,16,144,50,94
E02005021,20,28,31,20,11,31,9,22,202,71,131
E02005022,15,16,25,8,17,24,5,19,132,48,84
E02005023,6,15,30,12,18,28,7,21,148,40,108
E02005025,15,18,45,21,24,41,18,23,271,86,185
E02005026,15,18,38,16,22,30,11,19,128,55,73
E02005027,13,23,40,17,23,29,15,14,235,76,159
E02005028,10,26,40,13,27,41,12,29,157,62,95
E02005029,3,8,17,4,13,13,6,7,73,20,53
E02005030,13,20,17,6,11,28,9,19,130,35,95
E02005031,12,22,23,9,14,25,5,20,138,54,84
E02005032,13,9,22,7,15,20,11,9,110,36,74
E02005033,8,13,29,10,19,18,5,13,93,33,60
E02005034,15,19,35,17,18,27,5,22,136,53,83
E02005035,13,25,26,11,15,34,18,16,174,58,116
E02005036,4,13,20,9,11,21,9,12,129,39,90
E02005037,23,20,43,22,21,46,29,17,131,69,62
E02005038,25,21,33,16,17,45,17,28,230,69,161
E02005039,14,16,28,14,14,16,6,10,164,59,105
E02005040,23,24,41,14,27,41,16,25,212,62,150
E02005041,21,21,37,15,22,33,10,23,186,66,120
E02005042,26,37,74,32,42,49,15,34,331,112,219
E02005043,18,31,49,15,34,54,17,37,303,84,219
E02005044,21,30,36,15,21,30,12,18,234,66,168
E02005045,21,15,39,12,27,49,14,35,150,50,100
E02005046,8,18,22,9,13,21,8,13,111,42,69
E02005047,29,40,57,20,37,41,18,23,302,101,201
E02005048,17,27,43,14,29,35,16,19,236,73,163
E02005049,25,31,57,26,31,50,25,25,312,112,200
E02005050,26,34,52,22,30,48,19,29,299,91,208
E02005051,17,29,34,6,28,34,12,22,184,62,122
E02005052,16,23,53,18,35,33,12,21,246,70,176
E02005053,11,19,42,20,22,28,15,13,157,52,105
E02005054,25,16,32,16,16,20,5,15,142,39,103
E02005055,5,16,22,9,13,16,5,11,79,31,48
E02005056,8,24,35,15,20,31,10,21,273,80,193
E02005057,19,21,39,17,22,22,7,15,155,60,95
E02005058,6,19,34,15,19,27,14,13,123,35,88
E02005059,10,48,52,20,32,36,14,22,229,74,155
E02005060,23,32,52,18,34,59,22,37,216,72,144
E02005061,14,23,25,9,16,30,13,17,154,50,104
E02005062,16,5,29,18,11,27,13,14,77,35,42
E02005063,8,20,29,14,15,32,11,21,152,44,108
E02005064,27,28,30,7,23,45,17,28,169,57,112
E02005065,13,12,35,19,16,24,9,15,125,35,90
E02005066,21,27,44,26,18,36,13,23,200,54,146
E02005067,7,10,10,5,5,17,5,12,96,45,51
E02005068,4,9,17,6,11,14,7,7,104,29,75
E02005069,15,12,42,19,23,25,5,20,230,79,151
E02005070,20,26,71,30,41,55,24,31,320,105,215
E02005071,12,16,27,9,18,18,3,15,167,45,122
E02005072,12,22,30,5,25,28,10,18,126,35,91
E02005073,17,24,31,10,21,41,13,28,218,59,159
E02005074,31,35,31,8,23,36,17,19,255,92,163
E02005075,13,17,32,8,24,30,7,23,163,43,120
E02005076,11,17,33,9,24,26,12,14,105,31,74
E02005077,19,30,26,8,18,34,14,20,193,71,122
E02005078,20,32,41,18,23,43,20,23,194,61,133
E02005079,20,31,46,22,24,44,14,30,199,60,139
E02005080,20,41,57,21,36,49,16,33,274,89,185
E02005081,22,35,35,16,19,43,20,23,184,67,117
E02005082,17,15,37,19,18,22,12,10,162,51,111
E02005083,14,24,24,10,14,29,13,16,193,63,130
E02005084,10,12,39,18,21,25,12,13,131,45,86
E02005085,9,16,23,11,12,33,20,13,130,42,88
E02005086,10,20,21,6,15,23,10,13,166,44,122
E02005087,17,15,27,13,14,36,16,20,124,52,72
E02005088,19,24,45,19,26,46,19,27,205,71,134
E02005089,17,18,26,17,9,19,7,12,85,32,53
E02005090,23,31,39,18,21,36,16,20,211,55,156
E02005091,13,24,41,21,20,24,8,16,194,54,140
E02005093,24,15,33,13,20,25,12,13,131,51,80
E02005094,15,23,42,19,23,20,6,14,170,66,104
E02005095,19,24,53,22,31,39,22,17,226,90,136
E02005096,20,32,51,19,32,45,14,31,276,75,201
E02005097,17,32,50,26,24,38,15,23,271,90,181
E02005098,28,42,54,19,35,66,27,39,428,119,309
E02005099,7,31,45,21,24,37,18,19,170,61,109
E02005100,16,25,47,22,25,38,19,19,244,73,171
E02005101,11,17,31,15,16,24,10,14,135,49,86
E02005102,14,25,43,21,22,32,13,19,205,75,130
E02005103,12,20,26,5,21,15,8,7,97,34,63
E02005104,21,17,47,13,34,47,12,35,167,50,117
E02005105,9,7,23,8,15,27,12,15,119,34,85
E02005106,16,28,30,11,19,35,11,24,160,53,107
E02005107,34,34,69,25,44,57,25,32,347,119,228
E02005109,28,31,54,15,39,69,29,40,430,138,292
E02005110,25,36,23,9,14,47,19,28,175,74,101
E02005111,26,56,57,25,32,69,23,46,417,118,299
E02005112,34,34,38,16,22,42,18,24,251,88,163
E02005113,21,34,44,19,25,46,21,25,281,94,187
E02005114,23,23,18,9,9,35,14,21,131,47,84
E02005115,5,15,21,5,16,17,12,5,84,26,58
E02005116,17,13,21,7,14,30,16,14,103,35,68
E02005117,6,20,22,10,12,26,12,14,141,41,100
E02005118,19,17,32,11,21,28,12,16,145,42,103
E02005119,11,11,27,8,19,33,15,18,116,37,79
E02005120,21,14,24,6,18,32,13,19,97,37,60
E02005121,11,10,18,9,9,17,9,8,90,23,67
E02005122,17,21,26,13,13,20,7,13,144,44,100
E02005123,10,20,48,22,26,29,15,14,214,69,145
E02005124,11,26,37,10,27,35,16,19,205,58,147
E02005125,13,13,24,4,20,30,13,17,135,39,96
E02005126,25,36,46,19,27,42,17,25,206,69,137
E02005127,15,30,46,18,28,31,18,13,196,71,125
E02005128,20,22,31,13,18,36,9,27,176,50,126
E02005129,28,43,69,21,48,56,17,39,354,85,269
E02005130,20,16,43,13,30,27,10,17,159,62,97
E02005131,10,14,29,13,16,28,14,14,94,33,61
E02005132,17,35,42,14,28,49,15,34,329,86,243
E02005133,34,55,102,43,59,79,29,50,421,152,269
E02005134,9,11,19,9,10,18,3,15,137,34,103
E02005135,20,21,37,8,29,31,14,17,205,53,152
E02005136,20,25,51,19,32,46,15,31,216,68,148
E02005137,18,16,22,6,16,19,11,8,155,46,109
E02005138,22,39,53,19,34,55,16,39,416,119,297
E02005139,36,62,108,41,67,98,46,52,522,163,359
E02005140,25,56,47,15,32,53,14,39,372,143,229
E02005141,22,34,41,17,24,41,14,27,321,100,221
E02005142,27,37,44,18,26,55,23,32,284,84,200
E02005143,11,29,33,11,22,31,13,18,202,64,138
E02005144,17,24,34,14,20,30,17,13,135,43,92
E02005145,25,24,34,15,19,40,14,26,160,57,103
E02005146,15,23,21,10,11,18,6,12,128,38,90
E02005147,13,22,40,18,22,28,10,18,253,72,181
E02005148,33,30,44,24,20,61,23,38,277,103,174
E02005149,11,26,32,15,17,27,14,13,169,48,121
E02005150,19,21,30,16,14,28,12,16,178,50,128
E02005151,12,28,34,14,20,24,9,15,165,55,110
E02005153,15,20,38,21,17,39,12,27,197,73,124
E02005154,26,35,66,26,40,70,31,39,304,97,207
E02005155,10,8,31,12,19,22,8,14,86,30,56
E02005156,13,20,32,16,16,37,17,20,148,49,99
E02005157,25,21,45,17,28,27,11,16,138,51,87
E02005158,16,16,43,23,20,41,12,29,185,60,125
E02005159,20,36,50,21,29,43,25,18,219,90,129
E02005160,15,31,48,21,27,51,18,33,249,77,172
E02005161,9,15,32,10,22,27,14,13,126,40,86
E02005162,23,23,49,23,26,45,17,28,210,64,146
E02005163,13,17,31,7,24,31,11,20,110,31,79
E02005164,18,27,46,16,30,44,18,26,226,71,155
E02005165,19,25,49,21,28,32,6,26,209,68,141
E02005166,13,18,24,7,17,23,14,9,96,33,63
E02005167,13,30,38,14,24,38,14,24,252,81,171
E02005168,23,20,37,10,27,34,18,16,196,54,142
E02005169,13,24,32,11,21,33,14,19,165,63,102
E02005170,21,52,42,14,28,56,19,37,401,108,293
E02005171,11,15,35,10,25,27,14,13,193,51,142
E02005172,18,20,47,27,20,30,15,15,165,66,99
E02005173,15,25,52,11,41,44,19,25,261,94,167
E02005174,18,23,41,16,25,31,9,22,234,77,157
E02005175,18,22,44,19,25,33,8,25,220,67,153
E02005176,21,15,42,17,25,30,13,17,199,57,142
E02005177,10,24,25,10,15,27,11,16,170,49,121
E02005178,9,13,17,5,12,12,8,4,96,32,64
E02005179,12,25,38,12,26,31,8,23,227,79,148
E02005180,10,30,42,16,26,35,17,18,157,43,114
E02005181,8,19,28,8,20,24,9,15,130,40,90
E02005182,16,20,30,11,19,29,7,22,189,49,140
E02005183,24,21,40,17,23,33,16,17,132,49,83
E02005184,6,15,28,10,18,23,14,9,118,47,71
E02005185,8,20,22,11,11,20,5,15,155,41,114
E02005186,12,9,12,4,8,17,6,11,103,35,68
E02005189,6,6,16,7,9,9,3,6,118,31,87
E02005190,12,17,35,8,27,23,9,14,99,42,57
E02005191,11,20,39,20,19,23,10,13,126,46,80
E02005192,10,21,25,11,14,17,5,12,101,32,69
E02005193,9,15,38,14,24,31,13,18,194,57,137
E02005194,20,22,35,10,25,33,15,18,221,67,154
E02005195,5,14,29,14,15,20,7,13,165,50,115
E02005196,19,17,37,12,25,44,14,30,201,51,150
E02005197,3,14,32,11,21,13,3,10,117,42,75
E02005198,9,24,31,19,12,31,11,20,171,51,120
E02005199,15,17,18,5,13,21,8,13,151,47,104
E02005200,6,16,15,6,9,24,9,15,104,22,82
E02005201,17,20,31,5,26,21,5,16,167,40,127
E02005202,16,22,42,19,23,39,21,18,226,69,157
E02005203,19,21,31,17,14,28,11,17,162,60,102
E02005204,29,33,58,22,36,41,12,29,240,67,173
E02005205,13,15,23,12,11,18,8,10,98,32,66
E02005206,26,25,43,20,23,37,11,26,215,71,144
E02005207,39,43,78,31,47,41,16,25,272,105,167
E02005208,46,69,104,39,65,88,37,51,555,184,371
E02005209,19,30,31,12,19,34,14,20,203,72,131
E02005210,48,74,108,35,73,114,47,67,558,166,392
E02005211,18,47,73,30,43,74,21,53,394,134,260
E02005212,30,36,50,22,28,52,23,29,227,76,151
E02005213,26,22,43,15,28,42,13,29,224,73,151
E02005214,10,13,20,4,16,23,11,12,102,30,72
E02005215,24,33,48,16,32,72,28,44,304,97,207
E02005216,5,15,21,14,7,21,4,17,93,33,60
E02005217,14,23,33,10,23,35,18,17,138,53,85
E02005218,12,23,37,13,24,34,10,24,179,55,124
E02005219,21,23,40,20,20,29,6,23,160,51,109
E02005220,12,11,34,14,20,17,4,13,126,51,75
E02005221,11,31,57,24,33,62,24,38,335,97,238
E02005222,21,34,34,17,17,26,10,16,155,51,104
E02005223,32,32,63,29,34,62,20,42,290,101,189
E02005224,28,48,72,28,44,69,20,49,403,92,311
E02005225,18,21,25,14,11,30,16,14,170,55,115
E02005226,15,22,36,10,26,42,5,37,236,59,177
E02005228,10,16,21,10,11,29,11,18,163,54,109
E02005229,5,16,14,2,12,18,7,11,90,22,68
E02005230,16,21,38,14,24,41,19,22,171,61,110
E02005231,13,24,24,12,12,24,11,13,138,43,95
E02005233,11,14,26,13,13,23,8,15,103,30,73
E02005234,6,7,12,4,8,22,6,16,127,27,100
E02005235,2,11,13,5,8,9,7,2,52,16,36
E02005236,36,38,69,35,34,57,27,30,263,93,170
E02005237,13,21,37,5,32,39,11,28,226,75,151
E02005238,13,18,27,10,17,24,8,16,188,56,132
E02005239,16,15,22,12,10,24,14,10,98,38,60
E02005240,9,19,23,9,14,17,6,11,161,55,106
E02005241,7,16,24,9,15,27,14,13,120,38,82
E02005242,18,17,27,15,12,21,9,12,108,41,67
E02005243,15,30,24,7,17,45,23,22,183,58,125
E02005244,3,14,21,10,11,16,6,10,134,37,97
E02005245,10,32,25,6,19,19,10,9,150,58,92
E02005246,10,4,17,4,13,13,5,8,66,26,40
E02005247,24,28,48,17,31,54,16,38,277,91,186
E02005248,4,11,21,7,14,19,6,13,99,33,66
E02005249,15,29,39,15,24,38,20,18,170,53,117
E02005250,17,16,32,9,23,32,19,13,107,34,73
E02005251,9,18,28,13,15,34,11,23,156,36,120
E02005252,11,19,32,12,20,31,11,20,171,57,114
E02005253,13,10,20,10,10,23,7,16,174,46,128
E02005254,12,18,37,18,19,23,8,15,142,56,86
E02005255,30,35,48,18,30,58,21,37,226,73,153
E02005256,12,19,19,9,10,36,16,20,205,50,155
E02005257,3,14,30,13,17,19,5,14,166,50,116
E02005258,28,43,45,16,29,52,14,38,194,63,131
E02005259,12,19,39,18,21,39,22,17,216,70,146
E02005260,20,23,45,20,25,32,12,20,200,64,136
E02005261,21,21,21,11,10,40,15,25,141,46,95
E02005262,7,8,18,13,5,18,4,14,79,28,51
E02005263,4,12,10,2,8,11,4,7,86,26,60
E02005264,13,20,18,3,15,12,3,9,126,45,81
E02005265,21,32,55,22,33,44,14,30,246,79,167
E02005266,14,21,21,9,12,13,5,8,99,31,68
E02005267,8,5,13,7,6,15,2,13,42,15,27
E02005268,16,14,22,8,14,18,9,9,116,45,71
E02005269,9,10,28,9,19,16,8,8,91,39,52
E02005270,17,19,23,9,14,23,12,11,153,53,100
E02005271,15,23,38,12,26,27,8,19,234,82,152
E02005272,13,28,49,21,28,36,10,26,219,55,164
E02005273,7,18,28,20,8,22,9,13,123,40,83
E02005274,11,20,34,13,21,44,16,28,167,50,117
E02005275,13,16,24,8,16,25,7,18,159,45,114
E02005276,11,25,36,11,25,33,10,23,163,53,110
E02005277,20,28,78,35,43,37,11,26,261,83,178
E02005278,7,21,23,12,11,20,7,13,102,33,69
E02005279,14,25,36,16,20,44,19,25,219,56,163
E02005280,14,25,25,12,13,36,12,24,168,57,111
E02005281,13,16,35,13,22,26,16,10,167,54,113
E02005284,12,18,23,10,13,25,6,19,173,45,128
E02005285,15,18,18,7,11,20,8,12,161,45,116
E02005286,12,20,26,12,14,37,15,22,120,34,86
E02005287,15,15,33,18,15,21,8,13,142,49,93
E02005288,17,12,24,11,13,37,21,16,149,52,97
E02005289,25,30,28,8,20,22,9,13,149,52,97
E02005290,20,12,23,10,13,21,8,13,122,41,81
E02005291,13,19,27,10,17,23,5,18,90,31,59
E02005292,14,20,32,4,28,23,9,14,161,45,116
E02005293,15,21,32,10,22,18,6,12,170,44,126
E02005294,9,18,22,7,15,15,5,10,74,27,47
E02005295,7,13,28,14,14,28,10,18,135,50,85
E02005296,17,19,34,17,17,46,19,27,199,75,124
E02005297,16,26,37,14,23,30,11,19,229,78,151
E02005298,13,17,32,15,17,28,10,18,127,44,83
E02005299,11,22,22,6,16,30,7,23,135,40,95
E02005300,5,8,15,8,7,9,1,8,68,26,42
E02005301,15,19,37,11,26,39,18,21,181,54,127
E02005302,18,19,25,13,12,22,4,18,104,37,67
E02005303,7,11,25,7,18,23,7,16,119,34,85
E02005304,19,25,37,18,19,37,18,19,181,71,110
E02005305,16,27,39,21,18,31,13,18,192,59,133
E02005306,15,28,39,18,21,28,9,19,182,58,124
E02005307,27,21,49,24,25,27,15,12,188,45,143
E02005308,17,21,33,7,26,34,9,25,214,51,163
E02005309,23,35,58,24,34,43,13,30,257,93,164
E02005310,23,27,48,15,33,32,10,22,193,58,135
E02005311,15,19,23,12,11,30,17,13,120,42,78
E02005312,3,15,15,10,5,16,4,12,74,22,52
E02005313,11,14,24,7,17,21,5,16,95,33,62
E02005314,7,16,28,12,16,19,5,14,103,35,68
E02005315,31,38,43,24,19,43,16,27,288,82,206
E02005316,6,11,16,4,12,9,3,6,65,17,48
E02005317,3,9,5,4,1,12,2,10,41,16,25
E02005318,7,22,33,10,23,34,12,22,164,54,110
E02005319,23,27,31,13,18,31,15,16,159,43,116
E02005320,14,16,37,20,17,36,14,22,196,55,141
E02005321,31,31,40,17,23,36,13,23,210,62,148
E02005322,37,75,81,33,48,67,26,41,405,129,276
E02005323,13,30,39,13,26,26,11,15,123,49,74
E02005324,17,15,38,18,20,29,8,21,150,53,97
E02005325,35,42,58,17,41,70,31,39,336,109,227
E02005326,35,58,70,30,40,76,30,46,420,133,287
E02005327,14,12,22,11,11,20,9,11,140,51,89
E02005328,25,36,58,24,34,48,22,26,298,104,194
E02005329,18,31,50,12,38,40,12,28,239,61,178
E02005330,33,45,55,20,35,56,22,34,275,95,180
E02005331,25,43,53,20,33,54,18,36,344,93,251
E02005332,32,40,65,28,37,56,20,36,281,98,183
E02005334,11,11,20,10,10,20,9,11,133,33,100
E02005335,12,21,45,8,37,39,14,25,228,69,159
E02005336,10,13,18,8,10,11,9,2,79,31,48
E02005337,28,25,54,25,29,44,22,22,213,71,142
E02005338,21,30,39,16,23,46,23,23,286,83,203
E02005339,13,16,40,17,23,28,11,17,113,42,71
E02005340,20,26,51,24,27,39,13,26,210,64,146
E02005341,5,11,27,9,18,16,6,10,132,43,89
E02005342,13,23,28,13,15,25,7,18,159,60,99
E02005343,12,18,31,14,17,36,14,22,154,58,96
E02005344,18,22,32,16,16,32,13,19,170,59,111
E02005345,8,13,27,19,8,19,8,11,110,38,72
E02005346,20,14,37,12,25,37,18,19,191,58,133
E02005347,15,27,34,15,19,27,11,16,191,52,139
E02005348,9,17,33,10,23,23,7,16,182,58,124
E02005349,12,15,28,11,17,35,10,25,164,51,113
E02005350,15,30,20,10,10,21,7,14,149,47,102
E02005351,5,11,23,8,15,24,9,15,108,42,66
E02005352,15,20,29,12,17,28,12,16,140,39,101
E02005353,10,35,38,13,25,31,13,18,179,55,124
E02005354,19,29,53,21,32,54,26,28,258,89,169
E02005355,12,21,18,5,13,32,10,22,153,45,108
E02005356,16,22,27,12,15,33,10,23,224,63,161
E02005357,12,13,27,13,14,19,6,13,130,55,75
E02005358,13,28,56,26,30,38,18,20,177,75,102
E02005359,17,23,31,11,20,34,11,23,160,48,112
E02005360,15,25,41,15,26,37,17,20,183,53,130
E02005361,10,22,27,11,16,25,12,13,144,33,111
E02005362,12,24,39,13,26,21,5,16,122,39,83
E02005363,21,26,49,20,29,35,18,17,201,78,123
E02005364,15,17,16,8,8,24,14,10,113,37,76
E02005365,17,39,54,19,35,48,21,27,216,87,129
E02005366,11,28,41,18,23,32,14,18,161,50,111
E02005368,14,12,35,14,21,20,11,9,117,38,79
E02005369,28,29,57,20,37,55,23,32,303,98,205
E02005370,11,17,21,10,11,20,10,10,141,51,90
E02005371,21,15,36,19,17,29,14,15,198,65,133
E02005372,18,33,25,14,11,32,15,17,192,70,122
E02005373,21,24,51,20,31,31,11,20,186,71,115
E02005374,18,34,41,14,27,38,9,29,268,77,191
E02005375,20,20,38,12,26,36,12,24,186,71,115
E02005376,22,30,46,18,28,46,19,27,293,107,186
E02005377,21,28,43,11,32,39,11,28,240,78,162
E02005378,11,8,13,3,10,30,14,16,81,25,56
E02005379,16,21,31,15,16,16,7,9,110,34,76
E02005380,27,22,40,15,25,40,22,18,211,58,153
E02005381,18,24,42,15,27,38,15,23,203,67,136
E02005382,23,43,35,16,19,40,14,26,264,85,179
E02005383,14,24,34,17,17,44,13,31,222,72,150
E02005384,10,20,17,7,10,26,6,20,131,44,87
E02005385,8,16,32,11,21,36,13,23,143,61,82
E02005386,20,28,37,11,26,38,12,26,225,65,160
E02005387,9,22,12,5,7,11,3,8,76,29,47
E02005388,12,21,28,13,15,26,13,13,123,35,88
E02005389,28,25,40,14,26,54,22,32,224,65,159
E02005390,20,32,44,21,23,38,14,24,190,63,127
E02005391,27,25,49,22,27,37,14,23,266,92,174
E02005392,10,24,50,17,33,31,14,17,224,82,142
E02005393,15,28,25,13,12,27,10,17,146,43,103
E02005394,13,23,35,22,13,39,19,20,239,66,173
E02005395,22,32,47,11,36,38,19,19,213,71,142
E02005396,14,17,32,15,17,35,12,23,175,56,119
E02005397,25,19,29,11,18,24,14,10,158,53,105
E02005398,9,16,21,5,16,23,9,14,167,66,101
E02005399,5,11,33,11,22,34,17,17,122,38,84
E02005400,14,26,24,12,12,30,14,16,138,44,94
E02005401,17,14,32,12,20,20,4,16,126,40,86
E02005402,22,28,30,14,16,38,13,25,228,66,162
E02005403,16,18,30,13,17,38,20,18,149,42,107
E02005404,14,25,30,16,14,28,10,18,170,50,120
E02005405,21,19,35,17,18,35,14,21,220,68,152
E02005406,13,25,35,7,28,25,6,19,164,44,120
E02005407,6,16,30,12,18,15,8,7,114,34,80
E02005408,9,19,26,13,13,26,10,16,129,44,85
E02005409,24,22,46,15,31,39,13,26,207,59,148
E02005412,33,44,63,24,39,60,29,31,331,111,220
E02005414,23,36,62,30,32,48,10,38,366,101,265
E02005415,17,22,42,13,29,22,12,10,179,62,117
E02005416,17,20,34,15,19,24,10,14,155,61,94
E02005417,20,22,53,22,31,48,26,22,186,77,109
E02005418,18,20,48,21,27,40,10,30,189,58,131
E02005419,11,23,27,11,16,25,11,14,176,64,112
E02005420,20,33,52,19,33,39,23,16,237,62,175
E02005422,24,15,31,12,19,22,10,12,127,45,82
E02005423,22,40,52,24,28,68,25,43,245,65,180
E02005424,30,32,49,25,24,54,26,28,250,94,156
E02005425,21,24,38,20,18,28,15,13,137,48,89
E02005426,22,34,50,22,28,39,12,27,276,86,190
E02005427,23,32,34,16,18,38,11,27,219,67,152
E02005428,32,35,62,29,33,44,26,18,266,98,168
E02005429,29,32,59,24,35,45,22,23,287,98,189
E02005430,18,17,53,22,31,40,24,16,188,71,117
E02005431,33,33,57,26,31,52,25,27,253,89,164
E02005432,26,26,37,12,25,38,18,20,199,74,125
E02005433,14,31,53,25,28,50,21,29,215,88,127
E02005434,21,26,66,25,41,50,22,28,241,89,152
E02005435,19,35,46,26,20,40,12,28,181,73,108
E02005436,19,30,51,16,35,48,26,22,233,89,144
E02005437,12,16,24,11,13,24,6,18,195,59,136
E02005438,20,24,52,19,33,48,20,28,232,83,149
E02005439,27,37,76,35,41,66,29,37,350,128,222
E02005440,20,19,33,17,16,27,13,14,140,44,96
E02005441,31,29,45,17,28,36,18,18,192,79,113
E02005442,16,21,32,18,14,27,10,17,160,59,101
E02005443,11,29,41,16,25,36,14,22,230,77,153
E02005444,27,41,65,30,35,58,28,30,297,95,202
E02005445,16,17,31,14,17,27,10,17,152,52,100
E02005446,7,11,16,6,10,13,3,10,109,33,76
E02005447,12,19,25,11,14,17,7,10,117,28,89
E02005448,9,19,22,8,14,14,5,9,88,34,54
E02005449,7,28,31,17,14,26,6,20,183,53,130
E02005450,22,23,36,9,27,38,16,22,253,78,175
E02005451,17,14,22,8,14,23,10,13,194,56,138
E02005452,21,40,52,21,31,62,25,37,283,75,208
E02005453,36,38,66,29,37,51,20,31,231,89,142
E02005455,22,28,47,20,27,51,29,22,237,84,153
E02005456,34,30,40,16,24,35,10,25,304,97,207
E02005457,20,28,47,14,33,60,29,31,251,83,168
E02005458,10,17,24,7,17,36,13,23,193,66,127
E02005459,12,33,37,18,19,43,14,29,234,72,162
E02005460,9,10,10,5,5,17,9,8,104,36,68
E02005461,24,22,44,19,25,40,21,19,185,63,122
E02005462,13,32,57,21,36,38,11,27,251,66,185
E02005463,10,20,37,15,22,25,13,12,122,57,65
E02005464,30,26,48,26,22,61,26,35,233,87,146
E02005465,32,39,50,28,22,50,27,23,263,101,162
E02005466,27,24,30,21,9,24,6,18,172,58,114
E02005467,26,36,47,23,24,43,17,26,287,95,192
E02005468,26,35,37,22,15,33,14,19,196,73,123
E02005469,21,23,37,19,18,40,18,22,199,74,125
E02005470,28,40,51,17,34,51,20,31,318,106,212
E02005471,23,37,57,20,37,42,19,23,288,93,195
E02005472,32,52,72,35,37,61,21,40,325,106,219
E02005473,26,25,47,18,29,43,11,32,239,74,165
E02005474,18,15,38,17,21,34,18,16,174,66,108
E02005475,14,13,27,11,16,37,15,22,120,36,84
E02005476,20,20,28,8,20,27,18,9,161,52,109
E02005477,32,41,47,23,24,49,15,34,263,118,145
E02005478,30,44,73,27,46,67,20,47,385,122,263
E02005479,22,30,42,14,28,34,11,23,274,73,201
E02005480,7,5,12,5,7,10,5,5,70,25,45
E02005481,17,23,34,11,23,38,15,23,246,82,164
E02005482,25,28,51,30,21,38,20,18,157,55,102
E02005483,18,19,34,14,20,30,16,14,211,93,118
E02005484,15,28,36,20,16,28,10,18,156,61,95
E02005485,15,19,33,11,22,51,23,28,236,75,161
E02005486,17,28,41,19,22,47,21,26,290,93,197
E02005487,13,18,31,14,17,23,10,13,184,71,113
E02005488,13,24,34,12,22,32,11,21,163,48,115
E02005489,8,11,22,8,14,22,11,11,108,31,77
E02005490,13,22,54,22,32,46,22,24,300,81,219
E02005491,28,29,50,16,34,62,15,47,339,117,222
E02005492,21,36,52,23,29,47,20,27,233,83,150
E02005493,31,26,47,16,31,41,16,25,207,67,140
E02005494,28,33,52,22,30,43,21,22,264,106,158
E02005495,17,38,37,16,21,32,9,23,212,77,135
E02005496,10,22,29,18,11,23,9,14,79,37,42
E02005497,8,17,33,8,25,26,11,15,170,47,123
E02005498,23,31,44,14,30,32,14,18,159,56,103
E02005499,22,22,32,14,18,33,14,19,160,59,101
E02005500,13,19,36,19,17,23,13,10,175,70,105
E02005501,17,31,44,18,26,47,12,35,237,83,154
E02005502,35,29,43,18,25,60,27,33,265,84,181
E02005503,18,24,46,23,23,31,12,19,221,75,146
E02005504,29,35,50,24,26,55,22,33,268,89,179
E02005505,25,35,52,21,31,41,14,27,342,104,238
E02005506,23,31,38,20,18,31,12,19,188,65,123
E02005507,26,45,65,33,32,62,20,42,338,107,231
E02005508,9,20,34,14,20,46,14,32,170,61,109
E02005509,28,35,80,32,48,69,26,43,416,126,290
E02005510,19,23,43,20,23,44,21,23,234,73,161
E02005511,25,30,76,34,42,52,16,36,339,120,219
E02005512,25,25,31,16,15,33,20,13,129,45,84
E02005513,30,43,53,21,32,48,15,33,351,113,238
E02005514,20,21,33,16,17,35,15,20,165,53,112
E02005515,12,8,31,16,15,17,8,9,146,57,89
E02005516,20,24,30,11,19,35,17,18,155,60,95
E02005517,4,13,13,6,7,16,9,7,74,22,52
E02005518,19,17,43,20,23,30,10,20,176,59,117
E02005519,14,15,27,7,20,30,11,19,150,48,102
E02005520,30,24,50,21,29,49,18,31,305,103,202
E02005521,22,23,37,16,21,34,12,22,198,69,129
E02005522,12,20,36,13,23,28,11,17,203,59,144
E02005523,7,8,18,8,10,17,7,10,124,41,83
E02005524,3,18,25,12,13,32,12,20,117,44,73
E02005525,30,31,55,28,27,39,17,22,255,91,164
E02005526,9,22,30,13,17,27,11,16,185,62,123
E02005527,25,33,48,22,26,54,22,32,267,107,160
E02005528,20,39,59,25,34,35,19,16,219,70,149
E02005529,22,35,47,18,29,42,17,25,242,82,160
E02005530,18,15,41,14,27,26,7,19,174,62,112
E02005531,16,28,29,15,14,26,9,17,159,49,110
E02005532,26,31,69,26,43,51,19,32,217,93,124
E02005533,19,21,71,27,44,37,19,18,241,73,168
E02005534,27,53,74,30,44,60,24,36,319,123,196
E02005535,19,12,32,16,16,34,14,20,168,44,124
E02005536,19,26,29,14,15,25,5,20,231,74,157
E02005537,10,26,50,18,32,41,16,25,207,72,135
E02005538,25,48,71,34,37,58,31,27,314,98,216
E02005539,25,24,37,17,20,43,27,16,175,61,114
E02005540,27,45,56,28,28,60,27,33,319,113,206
E02005541,15,30,37,15,22,30,12,18,190,62,128
E02005542,14,19,31,11,20,26,6,20,211,52,159
E02005543,19,20,24,12,12,26,10,16,152,38,114
E02005544,13,10,21,9,12,19,6,13,67,23,44
E02005545,16,23,42,22,20,35,18,17,171,63,108
E02005546,16,30,40,14,26,48,19,29,230,81,149
E02005547,27,22,46,17,29,43,17,26,274,85,189
E02005548,16,42,60,25,35,63,22,41,286,101,185
E02005549,9,12,20,9,11,21,9,12,104,22,82
E02005550,22,29,52,12,40,29,10,19,209,65,144
E02005551,26,40,63,23,40,80,32,48,389,143,246
E02005552,32,35,61,31,30,40,14,26,288,108,180
E02005553,31,46,86,31,55,75,26,49,451,167,284
E02005554,24,39,67,30,37,42,18,24,287,101,186
E02005555,15,24,44,21,23,30,14,16,223,65,158
E02005556,15,26,37,11,26,29,12,17,196,70,126
E02005557,9,14,17,5,12,14,5,9,116,43,73
E02005558,19,17,34,12,22,20,9,11,160,60,100
E02005559,13,17,38,12,26,41,18,23,193,67,126
E02005560,13,20,18,10,8,22,5,17,100,34,66
E02005561,19,40,41,16,25,47,24,23,256,80,176
E02005562,21,25,40,25,15,36,15,21,164,63,101
E02005563,20,29,26,16,10,31,16,15,166,60,106
E02005564,37,32,47,18,29,64,26,38,244,85,159
E02005565,9,20,30,9,21,39,20,19,146,46,100
E02005566,28,29,70,32,38,43,19,24,227,77,150
E02005567,49,68,99,37,62,96,40,56,529,193,336
E02005568,23,29,40,20,20,35,12,23,148,58,90
E02005569,25,27,36,16,20,32,12,20,181,61,120
E02005570,27,58,67,27,40,68,32,36,471,131,340
E02005571,24,39,42,18,24,46,15,31,311,113,198
E02005572,25,46,63,25,38,88,35,53,439,128,311
E02005573,39,46,67,21,46,61,22,39,368,133,235
E02005574,37,31,60,24,36,37,15,22,247,91,156
E02005575,21,32,40,18,22,36,16,20,216,76,140
E02005576,33,27,49,23,26,50,29,21,241,87,154
E02005577,16,15,27,12,15,29,11,18,138,49,89
E02005578,19,11,29,7,22,21,10,11,156,62,94
E02005579,48,56,102,28,74,105,40,65,560,187,373
E02005580,16,42,70,28,42,59,29,30,314,103,211
E02005581,18,27,42,18,24,31,13,18,147,52,95
E02005582,19,35,40,16,24,38,17,21,220,65,155
E02005583,37,40,85,29,56,72,24,48,344,114,230
E02005584,11,14,32,11,21,38,13,25,169,56,113
E02005585,11,19,25,9,16,35,6,29,183,64,119
E02005586,16,12,25,6,19,22,7,15,138,44,94
E02005587,33,32,60,22,38,54,23,31,209,72,137
E02005588,15,19,36,17,19,32,12,20,227,78,149
E02005589,14,17,40,14,26,41,17,24,150,56,94
E02005590,28,32,39,11,28,48,20,28,339,86,253
E02005592,15,25,20,9,11,14,6,8,162,49,113
E02005593,16,33,54,21,33,44,23,21,232,88,144
E02005594,20,36,48,20,28,65,22,43,364,109,255
E02005595,28,53,76,31,45,85,35,50,442,160,282
E02005596,27,31,74,33,41,58,21,37,324,111,213
E02005597,34,49,77,35,42,57,29,28,292,130,162
E02005598,23,29,45,18,27,28,15,13,189,78,111
E02005599,13,21,37,12,25,31,11,20,198,67,131
E02005600,9,13,33,13,20,29,14,15,166,57,109
E02005601,22,25,31,13,18,49,17,32,239,87,152
E02005602,41,42,71,24,47,45,15,30,330,120,210
E02005603,16,26,40,18,22,25,9,16,143,61,82
E02005604,22,25,43,15,28,49,19,30,281,100,181
E02005605,24,34,56,19,37,36,23,13,242,74,168
E02005606,18,21,26,12,14,22,9,13,129,50,79
E02005607,26,30,40,13,27,35,20,15,220,79,141
E02005608,22,24,44,19,25,36,18,18,231,92,139
E02005609,19,38,43,17,26,50,23,27,260,103,157
E02005610,22,15,40,19,21,32,14,18,187,68,119
E02005611,42,52,68,30,38,87,28,59,385,120,265
E02005612,19,21,16,5,11,27,12,15,126,49,77
E02005613,17,24,33,15,18,36,9,27,170,56,114
E02005614,12,12,29,13,16,27,9,18,130,52,78
E02005615,25,34,27,14,13,40,15,25,169,67,102
E02005616,8,9,28,12,16,15,7,8,73,26,47
E02005617,16,21,27,9,18,26,17,9,105,35,70
E02005619,10,14,25,10,15,25,10,15,124,35,89
E02005620,13,15,31,14,17,22,8,14,183,50,133
E02005621,22,29,27,11,16,31,9,22,181,64,117
E02005622,14,22,35,14,21,27,13,14,164,67,97
E02005623,24,30,56,18,38,55,20,35,250,89,161
E02005624,7,7,17,7,10,15,6,9,72,22,50
E02005625,17,40,38,17,21,53,14,39,257,73,184
E02005626,5,4,9,3,6,9,3,6,76,26,50
E02005627,13,29,31,14,17,35,14,21,151,51,100
E02005628,9,22,33,14,19,33,18,15,132,45,87
E02005629,18,18,26,13,13,25,10,15,147,62,85
E02005630,17,28,49,17,32,50,24,26,263,73,190
E02005631,16,22,46,18,28,22,6,16,176,69,107
E02005632,7,13,25,10,15,21,11,10,139,46,93
E02005633,21,31,39,15,24,28,9,19,220,75,145
E02005634,13,24,37,22,15,39,12,27,179,53,126
E02005635,14,14,38,17,21,35,18,17,181,48,133
E02005636,20,33,40,19,21,53,13,40,239,80,159
E02005637,23,23,42,15,27,42,17,25,286,87,199
E02005638,21,18,28,15,13,30,9,21,151,58,93
E02005639,9,12,20,7,13,31,8,23,139,41,98
E02005640,19,24,48,20,28,43,20,23,258,72,186
E02005641,14,20,28,11,17,37,15,22,162,62,100
E02005642,10,16,31,11,20,35,11,24,183,54,129
E02005643,5,20,28,11,17,33,15,18,128,47,81
E02005644,6,13,15,6,9,23,12,11,128,38,90
E02005645,18,48,58,24,34,72,30,42,406,104,302
E02005646,14,17,31,15,16,31,10,21,129,37,92
E02005647,14,22,44,17,27,36,15,21,193,51,142
E02005648,10,16,37,15,22,28,14,14,135,46,89
E02005649,23,27,50,15,35,44,13,31,259,91,168
E02005650,3,16,25,10,15,22,10,12,105,39,66
E02005651,13,25,52,27,25,39,13,26,187,73,114
E02005652,14,28,32,14,18,29,9,20,196,69,127
E02005653,2,3,14,6,8,8,2,6,84,23,61
E02005654,8,4,11,4,7,11,3,8,59,21,38
E02005655,27,31,40,15,25,42,13,29,192,70,122
E02005656,4,10,11,3,8,8,5,3,48,9,39
E02005657,11,23,37,18,19,27,10,17,139,51,88
E02005658,10,14,17,6,11,12,4,8,93,27,66
E02005659,16,28,38,17,21,33,13,20,259,81,178
E02005660,3,10,12,7,5,7,2,5,90,25,65
E02005661,9,17,23,10,13,22,10,12,106,30,76
E02005662,7,18,24,7,17,31,13,18,213,66,147
E02005663,7,16,13,5,8,11,7,4,61,21,40
E02005664,12,18,28,10,18,29,8,21,224,55,169
E02005665,15,13,17,7,10,19,8,11,88,28,60
E02005666,10,14,26,9,17,14,7,7,142,44,98
E02005667,9,19,22,6,16,37,10,27,172,52,120
E02005668,22,33,46,24,22,44,18,26,199,59,140
E02005669,17,21,30,12,18,30,12,18,181,70,111
E02005670,6,12,14,8,6,21,9,12,81,22,59
E02005671,4,17,19,7,12,14,3,11,113,46,67
E02005672,4,5,9,1,8,4,2,2,63,22,41
E02005673,21,22,36,9,27,33,9,24,207,60,147
E02005674,14,18,28,10,18,21,7,14,112,39,73
E02005675,5,8,14,4,10,11,4,7,70,24,46
E02005676,11,6,22,10,12,19,6,13,104,40,64
E02005677,11,11,34,19,15,23,9,14,122,46,76
E02005678,15,30,28,11,17,39,16,23,137,50,87
E02005679,8,6,10,2,8,18,10,8,78,29,49
E02005680,9,18,18,8,10,28,16,12,114,35,79
E02005681,18,33,44,22,22,31,12,19,173,55,118
E02005682,17,15,30,11,19,22,10,12,130,50,80
E02005683,22,36,44,18,26,55,23,32,280,91,189
E02005684,18,13,23,14,9,26,14,12,169,45,124
E02005685,24,22,40,20,20,34,13,21,173,55,118
E02005686,12,25,40,20,20,30,10,20,240,75,165
E02005687,2,11,17,5,12,14,7,7,114,38,76
E02005688,17,19,25,9,16,17,7,10,116,40,76
E02005689,10,16,23,10,13,23,7,16,122,38,84
E02005690,9,18,19,8,11,30,14,16,161,52,109
E02005691,9,17,16,5,11,28,11,17,128,50,78
E02005692,21,20,35,20,15,26,9,17,173,58,115
E02005693,18,11,26,9,17,27,13,14,99,39,60
E02005694,8,15,23,8,15,19,7,12,92,47,45
E02005695,8,14,25,7,18,18,7,11,145,42,103
E02005696,7,8,12,2,10,24,8,16,111,26,85
E02005697,21,34,41,15,26,31,14,17,254,81,173
E02005698,7,21,24,11,13,21,13,8,131,38,93
E02005699,12,20,36,15,21,22,5,17,103,29,74
E02005700,17,29,46,22,24,61,23,38,237,92,145
E02005701,19,33,45,19,26,41,20,21,235,81,154
E02005702,15,15,34,15,19,42,24,18,218,71,147
E02005703,16,17,43,11,32,29,13,16,214,61,153
E02005704,34,50,63,23,40,60,27,33,288,118,170
E02005705,23,26,46,21,25,57,23,34,228,84,144
E02005706,31,33,55,19,36,62,20,42,337,107,230
E02005707,26,21,34,17,17,38,15,23,200,81,119
E02005708,25,45,77,39,38,60,19,41,337,120,217
E02005709,13,31,45,22,23,22,9,13,174,53,121
E02005710,9,26,32,14,18,38,12,26,231,72,159
E02005711,19,32,37,13,24,38,11,27,179,55,124
E02005712,10,16,15,6,9,27,12,15,61,28,33
E02005713,11,11,15,5,10,15,7,8,58,24,34
E02005714,5,2,7,0,7,9,5,4,23,6,17
E02005715,13,19,36,16,20,30,12,18,250,68,182
E02005716,7,21,31,13,18,32,16,16,169,48,121
E02005717,20,29,41,19,22,42,19,23,242,68,174
E02005718,17,16,23,6,17,32,16,16,114,44,70
E02005719,20,25,33,9,24,28,12,16,143,48,95
E02005720,19,31,41,17,24,38,22,16,221,82,139
E02005721,13,19,32,12,20,19,8,11,143,46,97
E02005722,15,26,23,13,10,28,14,14,131,52,79
E02005723,23,25,60,23,37,46,17,29,317,91,226
E02005724,22,14,38,19,19,37,14,23,158,60,98
E02005725,23,39,50,28,22,46,15,31,278,97,181
E02005726,31,35,45,23,22,44,24,20,176,84,92
E02005727,13,24,27,13,14,27,14,13,137,47,90
E02005728,20,25,24,13,11,35,13,22,153,57,96
E02005729,12,21,28,9,19,26,11,15,179,57,122
E02005730,38,67,70,29,41,94,42,52,518,154,364
E02005731,8,35,34,20,14,35,14,21,163,48,115
E02005732,21,38,70,31,39,47,16,31,299,91,208
E02005733,25,20,42,22,20,40,22,18,219,95,124
E02005734,8,16,29,14,15,39,12,27,146,47,99
E02005735,11,21,41,17,24,41,13,28,141,44,97
E02005736,12,15,20,7,13,37,15,22,126,42,84
E02005737,14,25,37,13,24,46,14,32,252,78,174
E02005738,8,13,16,7,9,24,9,15,76,30,46
E02005739,25,30,30,11,19,47,22,25,192,53,139
E02005740,29,30,38,11,27,40,12,28,222,74,148
E02005741,15,33,57,22,35,34,14,20,207,55,152
E02005742,18,24,45,17,28,40,17,23,202,70,132
E02005743,20,15,54,16,38,34,12,22,221,80,141
E02005744,22,28,57,21,36,40,19,21,251,87,164
E02005745,18,21,30,14,16,30,16,14,161,38,123
E02005746,22,41,33,14,19,46,18,28,212,61,151
E02005747,9,22,33,10,23,35,15,20,204,51,153
E02005748,18,30,48,23,25,45,12,33,238,73,165
E02005749,15,25,69,32,37,54,13,41,400,110,290
E02005750,24,31,54,20,34,44,13,31,271,86,185
E02005751,19,27,50,19,31,40,14,26,220,90,130
E02005752,18,17,28,10,18,31,17,14,142,51,91
E02005753,37,44,79,27,52,70,32,38,371,123,248
E02005754,22,22,45,17,28,39,20,19,252,93,159
E02005755,24,29,47,16,31,38,16,22,232,62,170
E02005756,18,6,24,11,13,27,12,15,82,36,46
E02005757,28,31,51,17,34,46,15,31,256,81,175
E02005758,17,35,39,16,23,42,17,25,189,71,118
E02005759,26,35,60,26,34,48,17,31,267,95,172
E02005760,12,21,20,3,17,16,5,11,135,42,93
E02005761,17,14,22,11,11,21,7,14,119,43,76
E02005762,14,32,31,11,20,27,9,18,225,56,169
E02005763,12,21,24,11,13,16,4,12,140,41,99
E02005764,21,31,64,25,39,55,23,32,313,106,207
E02005765,17,25,30,14,16,36,14,22,201,74,127
E02005766,15,16,35,17,18,22,10,12,164,50,114
E02005767,19,21,37,18,19,43,19,24,184,67,117
E02005768,18,17,34,12,22,23,7,16,126,48,78
E02005769,20,33,50,21,29,29,11,18,195,59,136
E02005770,24,29,42,15,27,36,12,24,186,73,113
E02005771,7,22,24,7,17,24,14,10,102,36,66
E02005772,14,10,41,16,25,33,13,20,140,46,94
E02005773,25,19,53,13,40,48,15,33,259,64,195
E02005774,23,37,44,20,24,44,12,32,266,68,198
E02005775,17,26,44,8,36,52,18,34,317,84,233
E02005776,15,22,30,12,18,35,15,20,227,76,151
E02005777,21,41,53,16,37,52,19,33,364,103,261
E02005778,17,13,26,9,17,30,13,17,80,36,44
E02005779,23,38,63,21,42,53,20,33,394,105,289
E02005780,31,38,73,26,47,68,24,44,450,132,318
E02005781,25,22,41,18,23,28,12,16,164,62,102
E02005782,19,24,41,18,23,38,13,25,186,76,110
E02005783,29,28,52,20,32,49,24,25,233,75,158
E02005784,13,16,25,11,14,29,11,18,133,43,90
E02005785,9,13,23,10,13,17,7,10,136,41,95
E02005786,19,19,38,17,21,30,10,20,177,64,113
E02005787,37,31,38,11,27,39,14,25,239,84,155
E02005788,20,26,38,11,27,29,14,15,184,77,107
E02005789,43,50,67,25,42,70,31,39,416,115,301
E02005790,23,22,45,20,25,48,22,26,186,81,105
E02005791,15,17,31,17,14,17,7,10,143,48,95
E02005794,23,34,34,17,17,50,20,30,200,78,122
E02005795,16,38,48,16,32,58,17,41,301,83,218
E02005796,17,23,33,11,22,40,17,23,156,49,107
E02005797,5,25,17,5,12,27,9,18,138,52,86
E02005798,27,49,65,34,31,55,21,34,301,113,188
E02005799,26,42,72,34,38,72,21,51,350,139,211
E02005800,10,15,27,6,21,32,11,21,157,53,104
E02005801,14,21,33,16,17,23,8,15,162,56,106
E02005802,9,23,28,9,19,13,4,9,117,29,88
E02005803,29,43,69,30,39,54,23,31,428,126,302
E02005804,30,50,74,27,47,73,25,48,464,132,332
E02005805,22,23,51,21,30,49,24,25,212,73,139
E02005806,11,23,20,10,10,34,13,21,137,55,82
E02005807,16,23,30,16,14,39,17,22,169,51,118
E02005808,50,61,96,41,55,85,27,58,383,144,239
E02005809,18,27,48,23,25,39,13,26,201,66,135
E02005810,16,21,16,7,9,30,10,20,128,50,78
E02005811,20,18,41,19,22,28,8,20,216,67,149
E02005812,17,22,29,8,21,30,10,20,173,57,116
E02005813,10,30,60,15,45,36,13,23,237,72,165
E02005814,17,18,45,15,30,39,16,23,276,86,190
E02005815,12,29,37,21,16,35,16,19,109,44,65
E02005816,14,19,29,15,14,26,8,18,121,44,77
E02005817,7,13,24,10,14,26,15,11,132,46,86
E02005818,22,18,24,11,13,29,10,19,157,67,90
E02005819,17,17,33,13,20,12,5,7,96,26,70
E02005820,18,23,22,11,11,22,11,11,112,39,73
E02005821,7,18,21,11,10,23,9,14,113,35,78
E02005822,6,16,26,14,12,26,15,11,141,50,91
E02005823,27,36,36,9,27,53,14,39,306,79,227
E02005824,13,22,32,13,19,25,12,13,145,54,91
E02005825,13,8,28,7,21,27,6,21,122,49,73
E02005826,12,13,27,14,13,26,6,20,149,59,90
E02005827,16,9,27,11,16,43,16,27,177,57,120
E02005828,16,21,27,12,15,30,8,22,127,51,76
E02005829,12,22,30,18,12,24,7,17,168,39,129
E02005830,14,9,29,13,16,13,6,7,139,43,96
E02005831,13,25,33,12,21,19,4,15,145,45,100
E02005832,15,29,32,10,22,27,8,19,184,51,133
E02005833,12,16,23,11,12,30,8,22,123,39,84
E02005834,15,22,19,6,13,26,5,21,174,60,114
E02005835,20,12,36,10,26,48,19,29,246,73,173
E02005836,24,26,40,20,20,34,17,17,207,82,125
E02005837,16,14,21,10,11,30,10,20,161,61,100
E02005838,15,31,34,17,17,40,19,21,178,53,125
E02005839,20,26,52,27,25,53,18,35,221,63,158
E02005840,12,11,26,13,13,29,15,14,107,33,74
E02005842,23,22,42,19,23,42,14,28,234,72,162
E02005843,6,13,19,6,13,18,7,11,120,21,99
E02005844,15,23,42,20,22,22,7,15,160,50,110
E02005846,8,18,22,9,13,22,8,14,158,53,105
E02005847,24,22,38,18,20,34,10,24,147,52,95
E02005848,8,23,31,16,15,33,15,18,126,58,68
E02005849,12,27,51,26,25,34,14,20,168,67,101
E02005850,13,19,44,17,27,30,12,18,206,60,146
E02005851,9,25,29,12,17,25,11,14,138,44,94
E02005852,15,27,34,14,20,31,10,21,191,66,125
E02005853,26,26,44,15,29,39,19,20,192,70,122
E02005856,25,30,61,25,36,43,18,25,234,90,144
E02005857,9,14,15,3,12,13,4,9,98,32,66
E02005858,11,19,27,11,16,25,5,20,144,52,92
E02005859,22,35,51,11,40,36,12,24,199,71,128
E02005860,16,38,36,11,25,53,14,39,285,75,210
E02005861,9,9,23,9,14,16,7,9,100,36,64
E02005862,18,24,31,9,22,36,11,25,161,52,109
E02005863,29,42,48,24,24,52,27,25,305,98,207
E02005864,24,16,33,12,21,22,7,15,177,65,112
E02005865,21,26,38,13,25,46,18,28,213,71,142
E02005866,18,22,51,22,29,30,7,23,179,49,130
E02005868,20,22,50,18,32,28,13,15,173,65,108
E02005869,16,19,31,10,21,42,16,26,196,54,142
E02005870,13,20,30,13,17,35,13,22,160,56,104
E02005871,10,22,32,16,16,35,17,18,90,29,61
E02005872,12,30,45,20,25,48,20,28,227,76,151
E02005873,24,38,54,22,32,77,40,37,305,122,183
E02005874,23,21,48,19,29,37,13,24,208,65,143
E02005875,14,20,27,9,18,22,10,12,127,49,78
E02005876,15,33,44,12,32,52,23,29,277,90,187
E02005877,15,25,30,11,19,32,11,21,169,70,99
E02005878,17,25,42,12,30,43,17,26,231,70,161
E02005879,6,10,18,11,7,15,6,9,88,21,67
E02005880,11,15,26,14,12,25,11,14,114,47,67
E02005881,12,20,36,17,19,31,15,16,184,57,127
E02005882,14,21,30,10,20,30,11,19,128,48,80
E02005883,10,26,40,18,22,37,17,20,171,54,117
E02005884,7,19,25,11,14,24,8,16,106,28,78
E02005885,16,32,42,16,26,44,12,32,203,67,136
E02005886,16,32,36,13,23,41,20,21,207,78,129
E02005887,23,30,44,17,27,43,19,24,261,86,175
E02005888,8,16,29,9,20,19,7,12,157,41,116
E02005889,22,33,58,19,39,55,17,38,235,92,143
E02005890,16,21,30,13,17,23,14,9,93,37,56
E02005891,9,14,22,8,14,29,11,18,120,40,80
E02005892,26,44,70,28,42,47,22,25,251,101,150
E02005893,14,27,59,16,43,30,10,20,216,73,143
E02005894,14,25,53,19,34,41,12,29,261,92,169
E02005895,15,29,39,25,14,29,14,15,132,51,81
E02005896,16,24,44,19,25,42,18,24,258,90,168
E02005897,22,33,38,21,17,35,14,21,196,67,129
E02005898,18,30,33,14,19,33,14,19,178,48,130
E02005899,9,21,46,10,36,34,8,26,215,64,151
E02005900,29,26,40,19,21,47,15,32,275,71,204
E02005901,14,34,40,19,21,26,14,12,208,56,152
E02005902,24,36,32,16,16,48,18,30,226,71,155
E02005903,25,41,47,15,32,39,24,15,209,66,143
E02005904,19,22,49,15,34,36,13,23,181,75,106
E02005905,19,15,37,11,26,20,11,9,174,58,116
E02005906,10,15,26,8,18,21,9,12,174,59,115
E02005907,17,32,37,14,23,28,9,19,191,61,130
E02005908,25,46,51,17,34,54,21,33,338,98,240
E02005909,21,16,29,12,17,34,15,19,137,45,92
E02005910,11,36,34,15,19,30,10,20,257,68,189
E02005911,11,21,35,10,25,23,6,17,128,50,78
E02005912,16,32,52,21,31,36,14,22,218,80,138
E02005913,15,35,60,24,36,43,19,24,236,89,147
E02005914,14,17,32,9,23,25,13,12,122,39,83
E02005915,13,10,28,16,12,22,9,13,125,53,72
E02005916,22,21,29,14,15,41,17,24,211,68,143
E02005917,14,30,49,29,20,35,18,17,208,83,125
E02005918,11,28,32,13,19,29,16,13,146,55,91
E02005919,10,17,33,17,16,25,12,13,132,51,81
E02005920,10,29,43,17,26,37,15,22,207,78,129
E02005921,17,13,25,11,14,29,16,13,164,48,116
E02005922,6,10,16,9,7,16,9,7,59,21,38
E02005923,14,19,24,11,13,13,5,8,120,35,85
E02005924,13,28,38,12,26,37,17,20,278,64,214
E02005925,10,13,25,9,16,14,5,9,115,33,82
E02005926,20,47,51,20,31,39,17,22,193,60,133
E02005927,9,19,19,4,15,21,5,16,121,26,95
E02005928,14,16,33,13,20,39,18,21,199,64,135
E02005929,17,15,30,11,19,23,10,13,144,55,89
E02005930,16,18,32,12,20,33,13,20,148,43,105
E02005931,15,16,26,12,14,33,13,20,180,47,133
E02005932,10,6,9,4,5,4,2,2,31,13,18
E02005933,8,17,23,9,14,23,1,22,98,34,64
E02005934,9,20,25,5,20,29,9,20,143,61,82
E02005935,10,14,31,6,25,19,4,15,156,40,116
E02005936,27,26,35,20,15,42,18,24,208,83,125
E02005937,14,36,38,18,20,42,23,19,195,64,131
E02005938,16,18,25,10,15,31,13,18,139,48,91
E02005939,16,16,23,8,15,26,13,13,128,48,80
E02005940,11,23,30,12,18,29,14,15,171,53,118
E02005941,11,21,23,8,15,26,8,18,232,55,177
E02005942,6,17,23,6,17,25,10,15,151,51,100
E02005943,13,33,34,17,17,29,15,14,169,64,105
E02005944,8,11,30,17,13,20,9,11,166,53,113
E02005945,24,33,49,22,27,45,20,25,289,85,204
E02005946,12,27,26,10,16,21,8,13,177,45,132
E02005947,9,10,24,12,12,11,3,8,97,29,68
E02005948,5,9,17,8,9,15,5,10,89,25,64
E02005949,18,14,26,4,22,39,17,22,142,48,94
E02005950,4,7,13,4,9,13,2,11,138,37,101
E02005951,9,11,21,6,15,23,8,15,106,33,73
E02005952,21,17,30,18,12,39,16,23,150,49,101
E02005953,5,5,14,4,10,6,1,5,53,15,38
E02005954,18,28,46,21,25,42,13,29,254,86,168
E02005955,6,23,29,11,18,31,14,17,175,69,106
E02005956,9,11,17,8,9,13,4,9,80,28,52
E02005957,9,7,11,5,6,16,5,11,58,12,46
E02005958,9,13,26,8,18,16,7,9,99,31,68
E02005959,19,11,32,18,14,29,12,17,108,43,65
E02005960,19,19,30,14,16,38,19,19,220,68,152
E02005961,16,25,18,12,6,33,10,23,154,49,105
E02005962,19,18,31,11,20,30,15,15,173,69,104
E02005963,13,20,25,11,14,33,9,24,168,65,103
E02005964,18,24,31,10,21,34,16,18,172,63,109
E02005965,10,17,33,12,21,21,12,9,174,49,125
E02005966,1,3,8,4,4,7,1,6,24,9,15
E02005967,20,24,32,8,24,25,9,16,159,48,111
E02005968,15,10,25,9,16,32,11,21,128,48,80
E02005969,22,30,49,21,28,30,9,21,296,86,210
E02005970,5,9,12,5,7,15,6,9,46,16,30
E02005971,20,27,19,7,12,38,13,25,171,55,116
E02005972,21,34,39,19,20,45,22,23,227,90,137
E02005973,11,29,48,17,31,37,9,28,259,68,191
E02005974,10,21,41,17,24,36,13,23,191,61,130
E02005975,18,29,50,16,34,48,24,24,279,91,188
E02005976,10,20,25,10,15,21,10,11,131,43,88
E02005977,13,20,31,16,15,28,11,17,196,73,123
E02005978,24,31,39,19,20,41,20,21,225,73,152
E02005979,18,32,58,30,28,59,25,34,336,120,216
E02005980,28,26,35,19,16,35,16,19,231,83,148
E02005981,16,16,25,8,17,30,10,20,114,46,68
E02005982,10,15,18,8,10,24,8,16,115,53,62
E02005983,19,22,59,24,35,49,19,30,370,110,260
E02005984,16,12,24,10,14,24,9,15,112,47,65
E02005985,13,19,27,10,17,32,10,22,194,69,125
E02005986,17,20,36,10,26,30,14,16,250,88,162
E02005987,15,24,31,16,15,45,18,27,171,70,101
E02005988,12,16,33,17,16,35,21,14,112,39,73
E02005991,27,33,57,21,36,48,17,31,291,77,214
E02005992,27,27,40,13,27,50,16,34,281,92,189
E02005993,14,32,26,15,11,35,10,25,206,67,139
E02005994,19,19,22,9,13,36,13,23,176,47,129
E02005995,16,22,32,16,16,30,15,15,201,69,132
E02005996,29,25,55,26,29,41,16,25,284,87,197
E02005997,15,18,27,9,18,24,8,16,152,50,102
E02005998,24,22,39,12,27,23,15,8,176,61,115
E02005999,14,15,25,16,9,30,12,18,156,54,102
E02006000,26,29,51,24,27,51,18,33,268,85,183
E02006001,12,10,9,5,4,23,10,13,73,30,43
E02006002,40,45,56,22,34,57,27,30,308,110,198
E02006003,15,26,26,15,11,18,5,13,131,47,84
E02006004,24,19,30,12,18,33,13,20,181,60,121
E02006005,10,10,14,7,7,15,2,13,97,32,65
E02006006,8,13,17,7,10,23,17,6,113,41,72
E02006007,20,21,36,21,15,34,17,17,218,72,146
E02006008,21,37,36,15,21,34,17,17,150,31,119
E02006009,19,31,34,16,18,44,19,25,188,58,130
E02006010,38,24,53,15,38,49,22,27,265,79,186
E02006011,16,26,36,14,22,34,16,18,198,57,141
E02006012,15,18,30,11,19,29,6,23,184,43,141
E02006013,17,28,37,16,21,42,20,22,199,74,125
E02006014,22,21,41,17,24,37,14,23,228,79,149
E02006015,21,45,59,27,32,57,23,34,288,76,212
E02006016,13,18,37,20,17,37,18,19,218,71,147
E02006017,20,29,51,17,34,39,17,22,202,51,151
E02006018,30,40,50,19,31,46,19,27,301,99,202
E02006019,19,26,35,17,18,44,16,28,209,65,144
E02006020,20,12,18,8,10,19,5,14,133,47,86
E02006021,11,16,38,15,23,32,12,20,137,63,74
E02006022,21,22,25,11,14,21,11,10,143,49,94
E02006023,28,27,54,21,33,43,24,19,263,99,164
E02006024,14,24,38,14,24,42,16,26,238,83,155
E02006025,39,35,60,26,34,51,18,33,329,94,235
E02006026,11,18,21,10,11,30,17,13,152,51,101
E02006027,17,15,17,8,9,26,11,15,124,41,83
E02006028,14,25,54,20,34,42,17,25,196,67,129
E02006029,10,32,27,11,16,23,8,15,113,35,78
E02006030,14,22,24,6,18,28,12,16,115,53,62
E02006031,5,14,36,11,25,26,3,23,218,50,168
E02006032,13,18,42,23,19,32,10,22,177,45,132
E02006033,10,26,60,16,44,55,19,36,344,93,251
E02006034,25,28,56,18,38,53,25,28,271,90,181
E02006035,22,24,49,26,23,46,11,35,202,69,133
E02006036,19,24,33,8,25,40,12,28,186,56,130
E02006037,17,31,47,18,29,47,15,32,341,82,259
E02006038,19,29,40,17,23,29,13,16,213,73,140
E02006039,19,25,36,19,17,49,20,29,254,109,145
E02006040,13,36,27,16,11,33,17,16,138,55,83
E02006041,14,19,22,7,15,25,9,16,175,56,119
E02006042,32,39,55,29,26,43,22,21,324,112,212
E02006043,20,16,36,17,19,37,15,22,158,55,103
E02006044,18,23,37,21,16,34,15,19,177,78,99
E02006045,46,55,58,23,35,73,29,44,416,148,268
E02006046,29,26,47,29,18,45,15,30,240,95,145
E02006047,21,14,36,15,21,35,12,23,166,75,91
E02006048,15,20,14,8,6,32,11,21,167,67,100
E02006049,18,26,44,16,28,44,18,26,216,76,140
E02006050,9,26,33,16,17,26,9,17,240,74,166
E02006051,29,19,40,20,20,44,24,20,248,79,169
E02006052,14,23,45,10,35,42,20,22,269,85,184
E02006053,21,34,37,11,26,24,9,15,212,71,141
E02006054,31,45,62,19,43,65,22,43,392,115,277
E02006055,15,18,32,17,15,32,10,22,160,46,114
E02006056,18,23,43,18,25,30,12,18,209,57,152
E02006057,17,24,50,18,32,36,12,24,253,79,174
E02006058,15,22,40,15,25,31,17,14,191,75,116
E02006059,19,23,34,16,18,33,9,24,183,70,113
E02006060,17,34,52,23,29,44,20,24,259,75,184
E02006061,16,33,56,24,32,54,22,32,308,98,210
E02006062,35,40,72,29,43,68,31,37,339,116,223
E02006063,26,16,29,12,17,28,7,21,151,54,97
E02006064,29,50,62,22,40,77,30,47,543,153,390
E02006065,19,29,48,26,22,43,12,31,191,68,123
E02006066,13,26,44,19,25,42,18,24,206,65,141
E02006067,18,25,33,10,23,46,26,20,234,77,157
E02006068,18,9,29,13,16,28,10,18,140,50,90
E02006069,13,27,36,10,26,45,18,27,185,56,129
E02006070,22,20,23,13,10,19,11,8,90,32,58
E02006071,21,35,59,21,38,54,18,36,259,91,168
E02006072,19,32,56,26,30,51,22,29,225,81,144
E02006073,12,28,34,17,17,33,11,22,244,70,174
E02006074,16,22,39,21,18,32,13,19,151,61,90
E02006075,13,10,16,6,10,27,11,16,142,51,91
E02006076,32,42,68,23,45,53,25,28,309,97,212
E02006077,14,16,51,20,31,31,17,14,207,54,153
E02006078,21,17,34,14,20,45,22,23,201,68,133
E02006079,20,29,49,20,29,41,19,22,250,72,178
E02006080,13,14,22,9,13,28,12,16,158,48,110
E02006081,16,12,37,12,25,31,11,20,195,74,121
E02006082,21,23,34,11,23,32,17,15,156,47,109
E02006083,21,18,27,9,18,34,6,28,183,65,118
E02006084,30,22,45,17,28,46,19,27,272,98,174
E02006085,12,17,27,13,14,27,8,19,116,46,70
E02006086,16,19,25,10,15,20,8,12,172,57,115
E02006087,12,19,40,15,25,19,4,15,139,49,90
E02006088,21,20,37,17,20,34,16,18,170,59,111
E02006089,11,19,33,17,16,29,9,20,204,57,147
E02006090,6,17,31,16,15,36,16,20,273,59,214
E02006091,35,45,61,28,33,56,25,31,317,110,207
E02006092,11,20,29,12,17,29,5,24,152,53,99
E02006093,25,37,56,25,31,65,30,35,361,128,233
E02006094,18,22,30,10,20,25,11,14,143,56,87
E02006095,26,46,41,17,24,43,16,27,266,72,194
E02006096,24,27,50,24,26,31,11,20,186,67,119
E02006097,25,26,35,15,20,49,18,31,285,96,189
E02006098,26,26,47,23,24,49,18,31,228,96,132
E02006099,12,20,22,11,11,33,13,20,150,57,93
E02006100,14,30,34,13,21,28,12,16,210,59,151
E02006101,14,20,31,13,18,31,14,17,173,51,122
E02006102,16,23,47,12,35,38,18,20,186,64,122
E02006103,31,28,50,19,31,45,21,24,227,74,153
E02006104,15,21,29,7,22,25,10,15,161,56,105
E02006105,19,31,35,13,22,38,12,26,239,70,169
E02006106,19,27,39,12,27,37,17,20,248,52,196
E02006107,18,22,29,10,19,32,15,17,178,44,134
E02006108,26,45,78,35,43,80,31,49,482,146,336
E02006109,25,36,63,26,37,68,30,38,291,112,179
E02006110,21,32,37,13,24,48,20,28,263,84,179
E02006111,30,32,65,26,39,76,37,39,413,149,264
E02006112,31,26,65,26,39,39,14,25,320,95,225
E02006113,21,25,69,18,51,62,19,43,488,125,363
E02006114,28,46,48,24,24,43,20,23,362,113,249
E02006115,30,27,39,18,21,39,14,25,226,76,150
E02006116,23,32,66,27,39,46,27,19,267,92,175
E02006117,22,28,46,21,25,48,15,33,209,73,136
E02006118,15,19,35,15,20,30,17,13,129,39,90
E02006119,13,21,41,14,27,24,14,10,193,43,150
E02006120,18,21,50,21,29,30,15,15,152,63,89
E02006121,8,13,14,7,7,18,6,12,80,21,59
E02006122,8,22,27,14,13,22,9,13,81,29,52
E02006123,8,15,11,5,6,19,9,10,136,44,92
E02006124,19,24,32,19,13,32,14,18,146,48,98
E02006125,13,21,21,13,8,37,19,18,135,48,87
E02006126,9,20,32,12,20,32,9,23,138,45,93
E02006127,3,8,8,4,4,8,2,6,84,25,59
E02006128,22,35,61,19,42,60,25,35,242,82,160
E02006129,24,28,28,9,19,36,13,23,190,50,140
E02006130,14,8,24,14,10,31,13,18,81,28,53
E02006131,17,23,28,12,16,30,10,20,183,71,112
E02006132,12,16,33,14,19,25,11,14,131,38,93
E02006133,13,16,32,13,19,36,20,16,190,50,140
E02006134,30,38,54,19,35,36,16,20,198,70,128
E02006135,17,27,40,8,32,43,21,22,156,51,105
E02006136,27,23,42,15,27,38,19,19,209,71,138
E02006137,21,34,38,15,23,41,18,23,221,75,146
E02006138,9,19,16,6,10,15,3,12,61,21,40
E02006139,6,18,29,4,25,29,12,17,130,38,92
E02006140,23,22,39,17,22,38,14,24,178,62,116
E02006141,11,16,25,12,13,9,3,6,109,29,80
E02006142,6,19,21,9,12,15,3,12,104,33,71
E02006143,10,14,33,13,20,21,9,12,107,35,72
E02006144,18,27,40,9,31,28,6,22,192,55,137
E02006145,15,20,38,15,23,29,11,18,151,53,98
E02006146,15,20,44,20,24,24,11,13,153,62,91
E02006147,17,19,27,14,13,27,7,20,146,48,98
E02006148,7,9,18,6,12,19,11,8,117,48,69
E02006149,19,38,54,20,34,63,26,37,343,99,244
E02006150,17,33,46,19,27,53,22,31,241,71,170
E02006151,15,22,30,15,15,25,12,13,200,51,149
E02006152,9,27,37,10,27,39,12,27,207,75,132
E02006153,24,19,32,17,15,29,11,18,148,43,105
E02006154,23,27,33,14,19,36,16,20,187,61,126
E02006155,10,16,27,13,14,24,8,16,104,29,75
E02006156,17,34,48,22,26,38,16,22,270,73,197
E02006157,10,20,27,11,16,23,9,14,154,43,111
E02006158,11,12,26,12,14,33,11,22,101,35,66
E02006159,7,16,19,9,10,28,7,21,88,27,61
E02006160,14,30,35,11,24,38,10,28,182,59,123
E02006161,13,15,18,9,9,20,11,9,106,37,69
E02006162,15,32,40,16,24,59,25,34,214,70,144
E02006163,20,19,40,11,29,45,17,28,215,63,152
E02006164,12,12,27,12,15,27,12,15,161,44,117
E02006165,9,23,23,9,14,38,12,26,145,52,93
E02006166,15,21,37,8,29,28,13,15,175,56,119
E02006167,18,30,41,17,24,45,16,29,209,59,150
E02006168,12,40,42,14,28,42,13,29,264,73,191
E02006169,9,16,18,9,9,18,8,10,100,33,67
E02006170,17,16,21,7,14,28,9,19,165,54,111
E02006171,25,43,62,24,38,51,22,29,275,101,174
E02006172,29,35,57,25,32,48,24,24,271,102,169
E02006173,6,18,29,8,21,33,14,19,174,74,100
E02006174,21,33,45,20,25,38,19,19,213,66,147
E02006175,8,6,24,11,13,12,5,7,88,22,66
E02006176,10,17,28,13,15,34,13,21,178,52,126
E02006177,16,23,34,18,16,28,12,16,152,51,101
E02006178,7,14,21,8,13,34,13,21,158,44,114
E02006179,13,12,22,8,14,37,18,19,106,41,65
E02006180,21,21,38,13,25,37,14,23,231,63,168
E02006181,20,19,45,22,23,48,19,29,195,53,142
E02006182,19,28,42,8,34,44,22,22,247,92,155
E02006183,14,12,29,13,16,22,8,14,139,45,94
E02006184,12,24,19,7,12,23,6,17,108,36,72
E02006185,22,35,50,21,29,56,29,27,257,78,179
E02006186,32,47,82,39,43,71,28,43,297,99,198
E02006187,17,20,38,16,22,49,14,35,261,78,183
E02006188,20,27,39,18,21,33,9,24,197,68,129
E02006189,20,36,46,23,23,44,15,29,257,90,167
E02006190,24,43,55,14,41,55,24,31,401,114,287
E02006191,12,12,28,8,20,32,13,19,173,56,117
E02006192,25,31,28,9,19,41,14,27,213,62,151
E02006193,12,20,34,12,22,29,13,16,145,64,81
E02006194,21,18,32,13,19,28,8,20,172,54,118
E02006195,18,24,27,15,12,24,12,12,164,53,111
E02006196,11,18,20,8,12,19,6,13,86,27,59
E02006197,14,29,38,15,23,37,9,28,232,58,174
E02006198,14,23,29,16,13,37,18,19,193,61,132
E02006199,24,29,47,17,30,45,18,27,282,87,195
E02006200,16,22,32,12,20,33,15,18,155,45,110
E02006201,27,46,78,39,39,65,27,38,323,126,197
E02006202,19,24,44,17,27,39,20,19,156,56,100
E02006203,8,9,28,13,15,26,11,15,142,46,96
E02006204,15,20,41,17,24,36,16,20,203,70,133
E02006205,22,19,29,15,14,32,15,17,142,47,95
E02006206,14,20,29,13,16,33,13,20,182,55,127
E02006207,16,18,31,12,19,27,7,20,178,57,121
E02006208,20,26,44,13,31,43,12,31,232,64,168
E02006209,32,36,59,27,32,42,13,29,309,76,233
E02006210,16,11,25,11,14,27,10,17,116,34,82
E02006211,20,23,44,20,24,49,14,35,199,72,127
E02006212,22,25,54,22,32,38,13,25,235,73,162
E02006213,11,18,31,12,19,32,15,17,145,52,93
E02006214,11,21,17,6,11,33,17,16,189,50,139
E02006215,22,20,28,13,15,30,12,18,171,49,122
E02006216,15,25,37,16,21,35,21,14,169,59,110
E02006217,24,33,45,15,30,44,17,27,292,80,212
E02006218,24,36,59,27,32,51,15,36,230,64,166
E02006219,7,9,11,5,6,11,4,7,70,28,42
E02006220,13,23,33,15,18,28,10,18,147,40,107
E02006221,6,10,14,5,9,17,5,12,48,20,28
E02006222,10,8,21,8,13,12,8,4,100,18,82
E02006223,5,9,11,5,6,9,3,6,49,16,33
E02006224,4,10,18,7,11,12,3,9,48,20,28
E02006225,15,21,30,16,14,20,9,11,98,29,69
E02006226,11,9,22,4,18,21,4,17,92,36,56
E02006227,19,29,48,20,28,42,20,22,198,72,126
E02006228,16,22,28,16,12,22,10,12,156,52,104
E02006229,20,23,37,14,23,35,13,22,215,73,142
E02006230,35,43,62,20,42,46,18,28,281,103,178
E02006231,17,16,26,12,14,36,14,22,172,46,126
E02006232,12,22,31,15,16,28,10,18,158,58,100
E02006233,29,56,68,22,46,70,33,37,450,106,344
E02006234,10,27,28,13,15,24,13,11,170,65,105
E02006235,21,29,60,30,30,52,33,19,246,84,162
E02006236,24,28,57,31,26,45,20,25,249,92,157
E02006237,19,29,53,18,35,42,18,24,255,85,170
E02006238,26,35,47,24,23,52,17,35,289,101,188
E02006239,9,14,27,15,12,16,2,14,116,43,73
E02006240,9,15,25,10,15,25,10,15,106,42,64
E02006241,18,17,37,17,20,46,13,33,216,61,155
E02006242,10,21,33,16,17,24,9,15,90,35,55
E02006243,14,26,24,9,15,41,12,29,204,80,124
E02006245,25,29,54,26,28,46,17,29,207,83,124
E02006246,23,31,49,22,27,30,13,17,245,86,159
E02006247,11,20,34,12,22,24,9,15,153,50,103
E02006248,21,17,41,14,27,36,13,23,229,66,163
E02006249,25,31,48,16,32,43,19,24,399,121,278
E02006250,9,12,26,13,13,24,10,14,119,34,85
E02006251,8,14,17,8,9,17,6,11,122,29,93
E02006252,15,34,37,15,22,38,8,30,256,64,192
E02006253,32,54,55,22,33,60,26,34,291,119,172
E02006254,16,33,44,21,23,32,12,20,143,57,86
E02006255,10,9,31,11,20,17,4,13,102,29,73
E02006256,10,24,27,14,13,35,13,22,246,69,177
E02006257,42,45,53,27,26,41,18,23,157,62,95
E02006258,20,16,23,6,17,31,16,15,143,47,96
E02006259,10,13,29,9,20,27,10,17,145,42,103
E02006260,29,16,33,17,16,31,11,20,161,46,115
E02006261,24,23,42,20,22,27,8,19,216,84,132
E02006262,17,29,38,20,18,38,11,27,211,71,140
E02006263,16,22,33,15,18,36,17,19,176,73,103
E02006264,20,27,37,18,19,39,18,21,189,80,109
E02006265,15,13,49,21,28,27,11,16,179,61,118
E02006266,29,31,58,28,30,50,21,29,232,87,145
E02006267,12,27,41,19,22,29,11,18,176,67,109
E02006268,26,31,50,19,31,49,19,30,288,99,189
E02006269,23,17,38,17,21,42,14,28,248,77,171
E02006270,15,15,24,13,11,39,13,26,165,69,96
E02006271,15,24,34,17,17,34,15,19,226,80,146
E02006272,13,20,46,24,22,36,12,24,248,84,164
E02006273,10,19,39,15,24,32,14,18,183,67,116
E02006274,15,10,36,8,28,26,12,14,190,75,115
E02006275,16,29,30,8,22,41,18,23,172,52,120
E02006276,18,31,52,29,23,41,18,23,255,102,153
E02006277,7,8,13,10,3,9,4,5,49,21,28
E02006278,17,33,38,19,19,52,17,35,321,102,219
E02006279,24,40,51,17,34,60,25,35,269,95,174
E02006280,31,41,45,23,22,48,20,28,282,95,187
E02006281,38,41,68,26,42,63,22,41,419,106,313
E02006282,14,36,42,23,19,37,17,20,230,92,138
E02006283,17,15,33,14,19,25,11,14,162,46,116
E02006284,17,19,29,15,14,23,11,12,143,57,86
E02006285,8,11,23,11,12,17,7,10,68,30,38
E02006286,14,31,28,12,16,38,19,19,173,54,119
E02006287,25,39,31,13,18,43,26,17,217,87,130
E02006288,18,35,43,16,27,60,28,32,291,110,181
E02006289,24,32,51,23,28,42,22,20,282,102,180
E02006290,32,41,74,32,42,65,26,39,405,118,287
E02006291,27,22,44,18,26,50,16,34,248,78,170
E02006292,14,19,38,24,14,35,18,17,151,65,86
E02006293,19,23,36,17,19,42,22,20,206,80,126
E02006294,27,60,79,33,46,83,36,47,497,143,354
E02006295,35,40,63,25,38,68,30,38,313,124,189
E02006296,33,33,50,21,29,40,13,27,250,92,158
E02006297,30,25,35,16,19,33,13,20,145,69,76
E02006298,18,27,39,15,24,30,7,23,183,65,118
E02006299,36,42,92,35,57,81,39,42,459,162,297
E02006300,17,19,35,14,21,37,17,20,221,72,149
E02006301,16,32,36,11,25,45,16,29,364,90,274
E02006302,20,24,55,34,21,42,18,24,238,80,158
E02006303,18,23,48,17,31,25,13,12,189,70,119
E02006304,35,50,66,26,40,43,20,23,271,98,173
E02006305,10,19,25,7,18,26,6,20,136,54,82
E02006306,18,29,66,28,38,48,18,30,245,98,147
E02006307,22,28,53,15,38,60,29,31,313,108,205
E02006308,12,38,33,9,24,22,11,11,292,74,218
E02006309,24,38,51,23,28,48,21,27,306,107,199
E02006310,12,18,38,17,21,15,5,10,141,48,93
E02006311,33,45,72,30,42,52,25,27,431,134,297
E02006312,17,33,44,23,21,48,25,23,221,96,125
E02006313,40,38,72,28,44,70,34,36,328,117,211
E02006314,26,29,39,14,25,54,19,35,283,94,189
E02006315,23,34,69,26,43,62,26,36,301,84,217
E02006316,40,45,65,29,36,67,31,36,364,138,226
E02006317,21,16,23,11,12,36,13,23,117,47,70
E02006318,13,17,28,18,10,23,7,16,176,57,119
E02006319,19,14,23,10,13,28,13,15,142,45,97
E02006320,5,10,14,5,9,16,7,9,64,20,44
E02006321,8,19,30,16,14,30,10,20,220,57,163
E02006322,19,13,20,10,10,18,10,8,126,45,81
E02006323,12,22,36,16,20,33,14,19,169,66,103
E02006324,10,12,31,16,15,22,12,10,183,57,126
E02006325,18,28,32,12,20,34,16,18,258,80,178
E02006326,21,22,30,14,16,30,6,24,197,54,143
E02006327,17,25,33,17,16,30,12,18,173,60,113
E02006328,14,35,40,16,24,47,18,29,285,87,198
E02006329,12,20,37,17,20,32,15,17,184,67,117
E02006330,31,24,57,16,41,62,32,30,383,112,271
E02006331,18,29,39,18,21,43,12,31,207,93,114
E02006332,14,26,29,9,20,21,6,15,210,68,142
E02006333,21,28,51,24,27,45,21,24,269,92,177
E02006334,15,27,44,21,23,42,18,24,299,105,194
E02006335,20,24,33,17,16,33,13,20,209,68,141
E02006336,10,9,34,16,18,27,16,11,105,37,68
E02006337,19,25,39,16,23,26,11,15,202,92,110
E02006338,22,21,32,15,17,30,13,17,151,51,100
E02006339,6,9,24,11,13,25,12,13,93,37,56
E02006341,17,20,44,18,26,38,11,27,234,83,151
E02006342,26,27,38,8,30,41,14,27,367,107,260
E02006343,17,22,37,17,20,30,11,19,232,88,144
E02006344,24,21,39,18,21,31,13,18,216,76,140
E02006345,18,17,21,8,13,23,10,13,106,40,66
E02006346,29,30,49,20,29,66,24,42,346,113,233
E02006347,15,19,31,13,18,27,10,17,147,54,93
E02006348,26,21,39,14,25,40,16,24,174,61,113
E02006349,10,10,11,4,7,22,7,15,177,55,122
E02006350,10,15,22,7,15,18,5,13,100,26,74
E02006351,13,24,38,16,22,40,16,24,174,67,107
E02006352,9,4,24,10,14,13,5,8,79,26,53
E02006353,13,22,28,9,19,31,13,18,124,41,83
E02006354,19,35,44,18,26,32,18,14,293,94,199
E02006355,16,12,30,9,21,20,8,12,108,40,68
E02006356,12,24,27,5,22,27,10,17,200,58,142
E02006357,14,18,24,13,11,18,7,11,93,34,59
E02006358,7,18,27,13,14,28,10,18,151,39,112
E02006359,9,23,31,9,22,32,18,14,182,78,104
E02006360,19,41,41,13,28,53,24,29,410,107,303
E02006361,9,9,32,15,17,29,16,13,126,56,70
E02006362,24,29,40,14,26,43,16,27,232,98,134
E02006363,18,20,43,18,25,41,15,26,247,87,160
E02006364,13,16,24,11,13,21,7,14,130,44,86
E02006365,11,27,49,20,29,40,18,22,260,86,174
E02006366,17,21,54,23,31,41,15,26,205,80,125
E02006367,17,28,35,15,20,42,22,20,230,63,167
E02006368,27,20,45,22,23,39,20,19,215,74,141
E02006369,30,27,49,18,31,42,20,22,210,78,132
E02006370,16,23,26,8,18,32,11,21,205,66,139
E02006371,20,24,52,23,29,30,11,19,335,90,245
E02006372,10,16,28,11,17,27,14,13,132,33,99
E02006373,14,19,32,16,16,44,20,24,149,59,90
E02006374,13,14,20,10,10,25,7,18,135,50,85
E02006375,13,27,29,11,18,22,10,12,133,45,88
E02006376,22,43,65,25,40,79,24,55,542,142,400
E02006377,15,17,46,25,21,43,14,29,177,63,114
E02006378,18,18,34,15,19,27,14,13,174,73,101
E02006379,8,11,27,8,19,33,10,23,149,39,110
E02006380,17,20,35,12,23,33,16,17,293,98,195
E02006381,19,20,36,17,19,37,8,29,223,72,151
E02006382,12,21,28,15,13,21,4,17,230,62,168
E02006383,17,31,62,23,39,44,16,28,401,124,277
E02006384,24,34,37,15,22,33,12,21,225,75,150
E02006385,11,14,22,8,14,24,12,12,146,42,104
E02006386,15,24,27,12,15,43,17,26,222,67,155
E02006387,14,24,32,14,18,31,8,23,147,48,99
E02006388,9,12,24,8,16,25,11,14,167,61,106
E02006389,18,12,34,18,16,32,10,22,138,45,93
E02006390,19,17,29,16,13,16,10,6,147,52,95
E02006391,8,12,12,4,8,18,8,10,70,31,39
E02006392,18,34,45,16,29,49,18,31,267,72,195
E02006393,13,17,31,12,19,29,5,24,162,42,120
E02006394,11,19,45,18,27,24,10,14,217,68,149
E02006395,20,27,36,16,20,32,12,20,193,68,125
E02006396,15,12,30,14,16,18,8,10,186,55,131
E02006397,15,19,21,4,17,29,8,21,213,66,147
E02006398,12,20,27,7,20,24,11,13,190,60,130
E02006399,25,34,60,22,38,35,20,15,271,85,186
E02006400,19,17,28,15,13,20,9,11,126,46,80
E02006401,17,42,44,15,29,39,11,28,244,73,171
E02006402,23,26,59,29,30,39,17,22,255,101,154
E02006403,4,15,23,8,15,20,9,11,80,27,53
E02006404,9,26,16,5,11,26,11,15,121,36,85
E02006405,20,37,47,20,27,37,17,20,231,82,149
E02006406,5,13,32,6,26,15,6,9,158,59,99
E02006407,23,35,54,21,33,43,22,21,218,65,153
E02006408,11,34,33,18,15,39,24,15,145,54,91
E02006409,20,22,32,11,21,26,12,14,195,71,124
E02006410,17,17,27,7,20,27,10,17,183,51,132
E02006411,13,31,42,17,25,34,14,20,208,81,127
E02006412,11,24,33,14,19,40,16,24,190,66,124
E02006413,17,12,30,17,13,24,14,10,177,48,129
E02006414,9,21,53,27,26,32,12,20,176,63,113
E02006415,19,22,36,14,22,40,14,26,250,89,161
E02006416,19,18,38,14,24,25,12,13,207,76,131
E02006417,12,21,21,7,14,19,5,14,156,51,105
E02006418,14,19,33,15,18,31,13,18,122,44,78
E02006419,15,25,34,18,16,23,10,13,118,36,82
E02006420,22,33,31,14,17,37,18,19,217,62,155
E02006421,17,14,22,8,14,21,9,12,115,43,72
E02006422,6,10,20,9,11,6,4,2,58,12,46
E02006423,20,36,55,19,36,53,19,34,322,86,236
E02006424,13,14,32,11,21,11,8,3,103,38,65
E02006425,10,20,35,20,15,18,9,9,123,41,82
E02006426,13,12,14,2,12,22,7,15,83,22,61
E02006427,11,18,24,8,16,26,13,13,204,69,135
E02006429,11,16,40,18,22,24,14,10,168,72,96
E02006430,13,27,36,13,23,27,4,23,198,50,148
E02006431,19,29,60,18,42,43,16,27,266,91,175
E02006432,19,21,26,10,16,41,18,23,218,61,157
E02006433,23,30,75,26,49,68,31,37,347,115,232
E02006434,12,18,27,11,16,43,20,23,148,51,97
E02006435,8,12,27,11,16,25,9,16,107,41,66
E02006436,21,26,38,20,18,38,17,21,162,51,111
E02006437,26,23,54,23,31,40,12,28,235,77,158
E02006438,22,23,38,21,17,28,12,16,178,68,110
E02006439,12,19,23,12,11,26,13,13,136,42,94
E02006440,18,14,21,5,16,20,9,11,99,41,58
E02006441,20,36,35,11,24,53,20,33,349,76,273
E02006442,16,25,34,19,15,24,8,16,179,57,122
E02006443,20,28,28,9,19,48,9,39,240,75,165
E02006444,12,20,36,13,23,26,11,15,222,78,144
E02006445,14,11,22,8,14,28,17,11,172,50,122
E02006446,16,23,32,11,21,36,16,20,218,74,144
E02006447,11,20,30,14,16,32,10,22,140,52,88
E02006448,14,15,42,18,24,28,12,16,142,45,97
E02006449,16,30,42,17,25,32,11,21,231,82,149
E02006450,14,16,32,17,15,29,12,17,183,53,130
E02006451,30,36,49,24,25,61,21,40,328,109,219
E02006453,20,41,58,25,33,45,21,24,344,133,211
E02006454,16,28,41,17,24,37,11,26,304,112,192
E02006455,4,18,42,10,32,33,11,22,264,70,194
E02006456,17,19,25,9,16,40,14,26,190,62,128
E02006457,21,31,48,22,26,49,25,24,288,92,196
E02006458,29,24,47,18,29,36,12,24,316,113,203
E02006459,11,24,28,9,19,32,11,21,149,54,95
E02006460,9,26,18,4,14,31,10,21,144,41,103
E02006461,10,23,18,10,8,32,14,18,240,86,154
E02006462,9,16,20,5,15,24,11,13,104,36,68
E02006463,18,34,36,12,24,41,12,29,256,64,192
E02006464,18,10,34,15,19,18,9,9,130,39,91
E02006465,3,21,38,17,21,31,11,20,178,46,132
E02006466,20,21,32,11,21,36,9,27,203,79,124
E02006467,14,22,18,12,6,27,16,11,128,52,76
E02006468,11,18,42,17,25,44,20,24,198,64,134
E02006469,19,25,43,14,29,44,16,28,171,57,114
E02006470,17,31,50,20,30,44,11,33,236,86,150
E02006471,17,21,28,12,16,26,13,13,111,44,67
E02006472,7,18,34,12,22,36,12,24,198,52,146
E02006473,15,34,51,24,27,50,24,26,291,89,202
E02006474,15,8,19,10,9,27,11,16,120,48,72
E02006475,20,33,38,15,23,41,18,23,199,60,139
E02006476,10,18,28,12,16,24,11,13,120,40,80
E02006477,19,29,26,11,15,26,8,18,152,48,104
E02006478,7,3,10,0,10,9,5,4,41,14,27
E02006479,11,25,30,13,17,25,7,18,151,51,100
E02006480,12,12,19,7,12,22,9,13,98,22,76
E02006481,11,12,17,8,9,14,5,9,93,29,64
E02006482,7,21,17,9,8,21,6,15,113,33,80
E02006483,9,24,32,13,19,31,9,22,185,41,144
E02006484,18,18,37,13,24,33,12,21,165,44,121
E02006485,21,16,30,10,20,24,10,14,119,44,75
E02006486,13,19,16,8,8,15,9,6,109,28,81
E02006487,11,22,39,17,22,45,16,29,212,56,156
E02006488,19,26,38,20,18,49,24,25,159,55,104
E02006489,6,11,20,8,12,13,4,9,91,33,58
E02006490,14,17,31,15,16,36,14,22,168,55,113
E02006492,21,27,36,20,16,55,24,31,295,102,193
E02006493,3,11,13,10,3,18,9,9,60,22,38
E02006494,11,21,32,13,19,32,12,20,161,51,110
E02006495,24,21,24,13,11,39,18,21,174,68,106
E02006496,5,9,15,7,8,12,7,5,105,32,73
E02006497,14,11,26,12,14,11,7,4,97,27,70
E02006498,10,12,35,12,23,31,13,18,113,44,69
E02006499,10,16,29,10,19,29,12,17,152,55,97
E02006500,14,20,34,16,18,35,12,23,227,64,163
E02006501,25,29,52,30,22,61,27,34,252,80,172
E02006502,39,38,80,33,47,82,36,46,464,140,324
E02006503,27,30,63,32,31,53,17,36,274,99,175
E02006504,15,14,31,15,16,30,13,17,150,46,104
E02006505,22,43,39,15,24,46,23,23,264,85,179
E02006506,10,18,34,10,24,35,18,17,191,59,132
E02006507,22,27,40,24,16,40,14,26,201,61,140
E02006508,23,23,37,14,23,48,18,30,213,70,143
E02006509,22,28,32,10,22,29,10,19,213,60,153
E02006510,23,20,25,15,10,22,10,12,162,58,104
E02006511,34,23,56,20,36,54,29,25,240,85,155
E02006512,23,33,58,22,36,64,26,38,301,81,220
E02006513,14,28,52,20,32,47,18,29,274,75,199
E02006514,28,54,62,20,42,65,20,45,429,125,304
E02006515,15,36,43,22,21,49,23,26,250,66,184
E02006516,16,29,39,16,23,45,15,30,231,88,143
E02006517,16,22,41,14,27,29,12,17,183,65,118
E02006518,28,53,73,35,38,54,28,26,320,109,211
E02006519,26,36,46,17,29,47,14,33,302,100,202
E02006520,12,18,28,15,13,44,12,32,223,67,156
E02006521,31,43,61,25,36,57,25,32,314,116,198
E02006522,13,12,30,13,17,16,6,10,104,53,51
E02006523,22,33,62,27,35,54,27,27,267,92,175
E02006524,19,15,30,13,17,22,9,13,149,45,104
E02006525,40,48,63,25,38,78,24,54,476,143,333
E02006526,16,38,43,16,27,37,15,22,202,81,121
E02006527,23,28,47,17,30,41,15,26,306,90,216
E02006528,11,15,32,14,18,46,16,30,184,51,133
E02006529,14,41,29,14,15,37,13,24,216,56,160
E02006530,22,26,49,17,32,34,13,21,225,69,156
E02006531,11,15,36,10,26,15,3,12,114,41,73
E02006532,15,15,16,6,10,26,12,14,145,53,92
E02006533,22,21,38,13,25,34,14,20,216,76,140
E02006534,20,30,52,17,35,43,15,28,290,122,168
E02006535,25,29,36,19,17,49,24,25,213,83,130
E02006536,17,25,31,11,20,32,17,15,166,60,106
E02006537,21,45,68,30,38,50,15,35,300,91,209
E02006538,16,32,59,22,37,41,13,28,292,92,200
E02006539,18,26,31,10,21,44,25,19,197,76,121
E02006540,23,29,39,14,25,30,12,18,185,75,110
E02006541,29,39,78,40,38,59,21,38,392,108,284
E02006542,19,21,48,16,32,30,18,12,200,62,138
E02006543,18,27,32,12,20,31,14,17,187,63,124
E02006544,18,28,58,19,39,68,28,40,408,140,268
E02006545,14,17,38,10,28,19,8,11,137,58,79
E02006546,35,47,82,31,51,75,28,47,443,150,293
E02006547,14,14,34,21,13,23,8,15,108,43,65
E02006548,24,31,58,23,35,43,20,23,332,105,227
E02006549,28,52,74,26,48,69,34,35,406,140,266
E02006550,41,43,62,22,40,67,34,33,384,116,268
E02006551,48,75,112,56,56,115,53,62,762,254,508
E02006552,18,27,32,11,21,38,12,26,305,80,225
E02006553,18,31,28,10,18,31,14,17,203,74,129
E02006554,41,35,57,24,33,46,12,34,314,111,203
E02006555,21,40,38,15,23,29,9,20,202,51,151
E02006556,39,49,61,26,35,56,31,25,413,130,283
E02006557,16,15,22,11,11,23,7,16,159,38,121
E02006558,22,50,73,26,47,74,22,52,640,177,463
E02006559,49,52,108,46,62,99,38,61,524,188,336
E02006560,38,59,79,35,44,72,31,41,371,149,222
E02006561,17,19,30,17,13,39,19,20,157,60,97
E02006562,11,17,32,13,19,27,13,14,118,39,79
E02006563,18,29,40,15,25,30,17,13,186,72,114
E02006564,28,38,65,23,42,64,21,43,324,98,226
E02006565,27,36,68,29,39,55,23,32,312,95,217
E02006566,30,26,59,23,36,58,28,30,310,112,198
E02006567,14,26,48,23,25,41,17,24,206,67,139
E02006568,22,53,73,33,40,64,25,39,288,80,208
E02006569,22,42,52,16,36,48,18,30,361,124,237
E02006570,24,45,66,25,41,49,13,36,385,120,265
E02006571,31,35,48,16,32,56,26,30,326,107,219
E02006572,14,23,33,17,16,41,18,23,188,54,134
E02006573,51,75,106,53,53,102,39,63,585,203,382
E02006574,32,54,90,35,55,96,33,63,546,187,359
E02006575,17,15,32,14,18,41,19,22,161,61,100
E02006576,14,13,23,7,16,31,16,15,113,39,74
E02006577,21,47,56,17,39,57,23,34,337,120,217
E02006578,19,25,61,30,31,63,22,41,240,90,150
E02006579,25,27,46,22,24,41,14,27,200,76,124
E02006580,17,28,45,17,28,39,14,25,165,56,109
E02006581,18,35,48,20,28,43,12,31,293,87,206
E02006582,7,5,9,3,6,10,2,8,43,16,27
E02006583,20,40,49,16,33,43,17,26,219,74,145
E02006584,5,9,11,4,7,4,1,3,45,13,32
E02006585,14,30,42,17,25,33,10,23,160,52,108
E02006586,2,3,8,5,3,4,1,3,22,12,10
E02006587,4,8,12,3,9,8,4,4,49,14,35
E02006588,4,14,21,5,16,19,6,13,132,41,91
E02006589,11,27,39,13,26,40,17,23,180,73,107
E02006590,17,30,42,13,29,36,21,15,225,71,154
E02006591,21,24,46,18,28,37,10,27,230,67,163
E02006592,14,24,34,13,21,30,13,17,170,48,122
E02006593,28,52,76,25,51,64,29,35,490,125,365
E02006594,14,28,36,15,21,28,10,18,148,50,98
E02006595,18,25,46,26,20,39,17,22,186,73,113
E02006596,9,13,43,22,21,31,15,16,82,30,52
E02006597,26,22,33,11,22,31,12,19,254,78,176
E02006598,12,16,25,13,12,23,12,11,106,44,62
E02006599,27,25,53,26,27,42,9,33,255,103,152
E02006600,20,52,78,28,50,57,19,38,399,127,272
E02006601,37,31,55,22,33,48,20,28,361,103,258
E02006602,23,23,32,17,15,26,10,16,172,68,104
E02006603,30,34,47,19,28,46,19,27,333,107,226
E02006604,27,48,75,24,51,56,17,39,501,125,376
E02006605,14,20,26,8,18,23,11,12,130,44,86
E02006606,15,20,22,5,17,20,9,11,134,52,82
E02006607,22,20,42,19,23,35,13,22,195,71,124
E02006608,10,21,24,9,15,15,7,8,120,40,80
E02006609,23,24,25,14,11,42,20,22,166,44,122
E02006610,19,24,39,11,28,27,12,15,240,89,151
E02006611,35,53,51,17,34,58,20,38,383,116,267
E02006612,14,42,54,16,38,60,17,43,404,98,306
E02006613,14,19,32,12,20,29,9,20,154,51,103
E02006614,21,41,50,21,29,40,16,24,210,76,134
E02006615,5,15,28,10,18,20,8,12,106,31,75
E02006616,16,24,27,10,17,47,18,29,140,41,99
E02006617,19,42,37,18,19,42,16,26,232,69,163
E02006618,20,25,39,17,22,24,9,15,218,71,147
E02006619,17,20,30,11,19,30,14,16,157,57,100
E02006620,25,49,90,35,55,84,29,55,408,130,278
E02006621,25,38,61,22,39,68,40,28,360,124,236
E02006622,23,30,51,22,29,46,15,31,266,98,168
E02006623,21,28,41,12,29,39,17,22,216,76,140
E02006624,19,30,31,10,21,30,13,17,183,73,110
E02006625,10,22,25,9,16,25,11,14,135,46,89
E02006626,14,17,19,8,11,23,9,14,126,49,77
E02006627,23,37,46,20,26,58,26,32,290,98,192
E02006628,11,24,26,9,17,34,10,24,217,54,163
E02006629,13,24,33,17,16,30,7,23,244,62,182
E02006630,30,66,67,28,39,76,26,50,688,148,540
E02006631,13,31,64,27,37,67,30,37,447,128,319
E02006632,23,43,59,21,38,66,22,44,407,118,289
E02006633,35,65,82,36,46,95,36,59,499,169,330
E02006634,17,22,36,14,22,40,16,24,237,78,159
E02006635,22,25,52,10,42,47,19,28,313,97,216
E02006636,20,20,40,17,23,30,13,17,181,48,133
E02006637,14,29,42,18,24,46,18,28,228,75,153
E02006638,10,28,46,22,24,57,20,37,233,72,161
E02006639,20,28,32,17,15,34,17,17,160,52,108
E02006640,12,15,22,7,15,31,10,21,131,50,81
E02006641,18,21,34,13,21,35,12,23,209,58,151
E02006642,14,19,24,9,15,22,11,11,104,41,63
E02006643,7,21,27,8,19,14,2,12,131,53,78
E02006644,13,26,33,16,17,26,11,15,132,51,81
E02006645,22,19,20,9,11,22,12,10,152,54,98
E02006646,12,12,25,8,17,30,12,18,212,69,143
E02006647,12,11,32,16,16,29,12,17,112,48,64
E02006648,19,26,29,16,13,37,12,25,153,51,102
E02006649,22,23,42,15,27,33,8,25,199,57,142
E02006650,14,37,33,12,21,35,14,21,165,68,97
E02006651,19,27,21,8,13,30,14,16,139,61,78
E02006652,22,19,34,12,22,33,13,20,196,56,140
E02006653,15,26,35,16,19,33,10,23,163,56,107
E02006654,31,40,52,15,37,70,29,41,327,86,241
E02006655,15,24,21,12,9,29,10,19,195,62,133
E02006656,4,10,11,1,10,17,9,8,70,28,42
E02006657,16,23,35,9,26,30,12,18,154,56,98
E02006658,9,27,30,11,19,37,14,23,170,52,118
E02006659,11,19,30,16,14,32,14,18,168,59,109
E02006660,18,30,57,15,42,70,24,46,363,108,255
E02006661,11,12,18,10,8,23,8,15,67,22,45
E02006662,14,13,34,17,17,24,12,12,107,39,68
E02006663,12,19,57,22,35,39,12,27,236,66,170
E02006664,16,17,41,23,18,47,25,22,170,71,99
E02006665,26,30,44,14,30,48,21,27,297,99,198
E02006666,12,12,41,14,27,31,12,19,168,62,106
E02006667,12,16,29,9,20,23,11,12,82,39,43
E02006668,21,23,34,16,18,43,24,19,282,78,204
E02006669,38,34,66,26,40,49,23,26,313,109,204
E02006670,10,19,25,11,14,29,8,21,198,57,141
E02006671,10,23,40,8,32,38,14,24,246,60,186
E02006672,20,26,47,20,27,37,13,24,204,74,130
E02006673,17,26,51,16,35,47,15,32,282,75,207
E02006674,22,21,34,14,20,35,13,22,175,49,126
E02006675,23,26,42,21,21,41,17,24,202,76,126
E02006676,20,26,37,19,18,39,20,19,201,77,124
E02006677,32,36,54,22,32,48,20,28,283,85,198
E02006678,11,14,30,15,15,25,12,13,115,44,71
E02006679,20,21,45,25,20,39,20,19,217,74,143
E02006680,23,37,44,9,35,39,15,24,276,78,198
E02006681,25,26,56,20,36,37,16,21,248,79,169
E02006682,28,42,60,25,35,68,21,47,370,111,259
E02006683,10,9,35,16,19,35,13,22,146,55,91
E02006684,11,23,26,12,14,28,14,14,114,39,75
E02006685,9,28,41,13,28,33,16,17,254,73,181
E02006686,12,16,34,14,20,24,8,16,161,48,113
E02006687,7,11,13,5,8,14,7,7,80,28,52
E02006688,12,12,22,8,14,23,9,14,100,30,70
E02006689,18,13,29,16,13,22,9,13,123,49,74
E02006690,19,25,24,10,14,26,13,13,190,68,122
E02006691,26,33,55,22,33,51,20,31,310,80,230
E02006692,11,13,38,16,22,32,10,22,207,60,147
E02006693,16,15,20,7,13,20,7,13,123,53,70
E02006694,11,31,37,19,18,38,14,24,243,77,166
E02006695,15,24,43,22,21,31,14,17,175,69,106
E02006696,15,22,45,18,27,37,19,18,253,71,182
E02006697,20,26,43,19,24,36,17,19,281,81,200
E02006698,32,31,36,21,15,38,20,18,138,50,88
E02006699,20,29,26,10,16,42,12,30,151,50,101
E02006700,24,22,46,15,31,40,14,26,243,69,174
E02006701,13,23,35,13,22,42,20,22,227,79,148
E02006702,16,25,23,9,14,23,11,12,110,36,74
E02006703,15,21,35,15,20,32,15,17,167,55,112
E02006704,11,22,37,17,20,30,15,15,228,74,154
E02006705,10,19,35,11,24,35,13,22,193,62,131
E02006706,21,29,53,18,35,52,15,37,334,92,242
E02006707,18,20,37,18,19,24,7,17,144,48,96
E02006708,12,24,30,11,19,36,9,27,145,56,89
E02006709,12,11,42,19,23,27,9,18,151,50,101
E02006710,20,32,47,23,24,37,9,28,271,104,167
E02006711,22,25,35,16,19,24,7,17,223,76,147
E02006712,21,33,38,21,17,37,17,20,198,72,126
E02006713,23,40,52,20,32,46,19,27,280,79,201
E02006714,16,28,42,14,28,33,19,14,197,61,136
E02006715,19,19,34,13,21,34,19,15,170,59,111
E02006716,14,19,28,9,19,21,9,12,160,48,112
E02006717,19,29,48,22,26,42,16,26,240,78,162
E02006718,14,29,66,28,38,64,26,38,373,119,254
E02006719,21,35,47,23,24,40,18,22,353,120,233
E02006720,13,34,54,28,26,41,11,30,246,90,156
E02006721,13,16,24,12,12,17,5,12,91,36,55
E02006722,4,7,11,1,10,12,5,7,53,10,43
E02006723,13,14,35,9,26,24,7,17,210,46,164
E02006724,13,15,15,5,10,13,3,10,107,27,80
E02006725,4,7,14,4,10,12,4,8,53,16,37
E02006726,9,17,17,4,13,17,7,10,109,31,78
E02006727,10,15,28,16,12,19,7,12,92,46,46
E02006728,14,19,54,17,37,43,17,26,242,62,180
E02006729,14,11,14,5,9,13,4,9,58,19,39
E02006730,5,8,7,3,4,17,12,5,45,13,32
E02006731,14,17,32,15,17,21,6,15,146,46,100
E02006732,20,12,18,8,10,35,15,20,115,41,74
E02006733,10,18,36,15,21,13,3,10,163,57,106
E02006734,15,32,39,11,28,42,13,29,299,86,213
E02006735,9,9,22,10,12,17,9,8,97,24,73
E02006736,0,7,12,9,3,7,3,4,31,8,23
E02006737,12,23,28,10,18,28,11,17,152,54,98
E02006738,11,13,30,13,17,24,7,17,92,27,65
E02006739,10,22,28,12,16,34,12,22,158,46,112
E02006740,5,13,26,8,18,17,8,9,144,41,103
E02006741,6,5,6,3,3,9,2,7,37,11,26
E02006742,19,25,33,13,20,39,13,26,215,66,149
E02006743,14,19,12,4,8,18,8,10,119,46,73
E02006744,5,6,28,10,18,15,6,9,152,41,111
E02006745,16,27,36,14,22,23,7,16,245,62,183
E02006746,12,27,38,17,21,33,18,15,171,46,125
E02006747,9,13,26,14,12,21,8,13,80,25,55
E02006748,18,13,42,20,22,27,6,21,195,64,131
E02006749,5,8,10,7,3,15,5,10,72,23,49
E02006750,13,22,41,19,22,38,11,27,280,100,180
E02006751,11,24,33,11,22,43,16,27,254,65,189
E02006752,18,14,25,10,15,26,15,11,117,39,78
E02006753,13,15,28,17,11,29,15,14,166,52,114
E02006754,12,11,20,12,8,28,12,16,116,50,66
E02006755,17,11,30,11,19,26,16,10,120,37,83
E02006756,13,18,19,8,11,17,4,13,116,38,78
E02006757,23,21,48,21,27,42,15,27,285,98,187
E02006758,13,8,19,7,12,14,5,9,94,36,58
E02006759,19,34,59,28,31,56,24,32,350,115,235
E02006760,19,26,54,28,26,42,19,23,202,63,139
E02006761,6,14,22,9,13,29,17,12,199,49,150
E02006762,14,24,36,12,24,30,12,18,133,49,84
E02006763,18,26,41,18,23,33,15,18,140,53,87
E02006764,6,20,13,4,9,17,8,9,99,30,69
E02006765,22,33,57,28,29,46,20,26,260,81,179
E02006766,26,25,51,16,35,42,18,24,228,93,135
E02006767,25,37,52,19,33,61,34,27,285,106,179
E02006768,10,23,21,10,11,21,8,13,171,48,123
E02006769,7,18,39,12,27,27,11,16,161,56,105
E02006770,7,23,29,8,21,28,15,13,140,36,104
E02006771,22,24,44,18,26,28,18,10,160,46,114
E02006772,12,38,53,23,30,57,21,36,242,71,171
E02006773,24,27,46,15,31,44,14,30,264,58,206
E02006774,12,16,21,10,11,31,10,21,149,55,94
E02006775,7,5,17,6,11,14,9,5,91,25,66
E02006776,9,18,31,14,17,19,5,14,113,43,70
E02006777,15,28,38,14,24,34,15,19,202,70,132
E02006778,14,27,45,18,27,42,17,25,218,62,156
E02006779,16,14,32,14,18,26,13,13,162,52,110
E02006780,24,26,37,15,22,23,7,16,149,51,98
E02006781,9,10,13,6,7,20,11,9,70,29,41
E02006782,16,30,36,20,16,36,11,25,215,70,145
E02006783,15,14,28,7,21,22,8,14,115,36,79
E02006784,10,22,30,15,15,32,10,22,173,56,117
E02006785,15,19,31,13,18,37,16,21,161,53,108
E02006786,5,9,13,3,10,8,3,5,69,18,51
E02006787,14,20,28,9,19,26,7,19,155,60,95
E02006788,7,10,13,3,10,11,4,7,67,27,40
E02006789,13,13,24,14,10,36,21,15,143,53,90
E02006790,24,31,43,18,25,49,25,24,264,90,174
E02006791,10,6,6,1,5,9,5,4,55,11,44
E02006792,17,18,37,13,24,31,7,24,217,57,160
E02006793,8,11,10,5,5,11,2,9,75,24,51
E02006794,11,4,24,12,12,9,3,6,53,17,36
E02006795,16,18,24,12,12,19,5,14,103,34,69
E02006796,18,25,24,8,16,25,10,15,144,49,95
E02006798,7,1,10,0,10,6,4,2,36,8,28
E02006799,8,18,46,16,30,25,10,15,197,68,129
E02006800,10,12,26,13,13,27,10,17,80,28,52
E02006801,4,11,15,6,9,17,4,13,73,26,47
E02006802,6,8,13,6,7,9,4,5,67,24,43
E02006803,20,24,29,17,12,32,14,18,113,46,67
E02006804,22,32,47,20,27,45,13,32,222,75,147
E02006805,8,19,29,11,18,21,8,13,120,33,87
E02006806,19,45,50,22,28,49,21,28,218,56,162
E02006807,14,24,31,15,16,35,15,20,141,43,98
E02006808,7,16,23,9,14,32,14,18,127,39,88
E02006809,17,29,50,21,29,43,18,25,190,75,115
E02006810,16,27,44,16,28,41,15,26,213,68,145
E02006811,23,25,57,21,36,43,17,26,232,71,161
E02006812,21,20,32,16,16,35,17,18,128,61,67
E02006813,25,36,67,26,41,76,24,52,262,92,170
E02006814,11,29,37,15,22,26,11,15,150,43,107
E02006815,37,40,66,30,36,58,27,31,256,94,162
E02006816,17,29,38,18,20,39,16,23,218,70,148
E02006817,15,24,29,10,19,26,12,14,143,59,84
E02006818,31,39,46,25,21,41,15,26,197,70,127
E02006819,6,22,23,5,18,22,7,15,162,53,109
E02006820,30,40,54,26,28,60,23,37,242,95,147
E02006821,13,23,28,8,20,23,10,13,178,76,102
E02006822,31,36,59,32,27,61,28,33,287,107,180
E02006823,15,22,60,25,35,51,25,26,216,74,142
E02006824,18,31,44,21,23,46,18,28,239,70,169
E02006825,16,16,34,14,20,32,15,17,133,50,83
E02006826,29,49,48,21,27,43,15,28,278,98,180
E02006827,11,22,24,7,17,22,9,13,180,61,119
E02006828,5,8,17,6,11,17,6,11,87,19,68
E02006829,23,28,45,15,30,34,16,18,235,77,158
E02006830,14,14,20,11,9,14,4,10,77,26,51
E02006831,26,27,52,23,29,42,18,24,192,63,129
E02006832,7,19,18,10,8,14,5,9,67,20,47
E02006833,27,37,46,20,26,59,28,31,272,84,188
E02006834,16,19,29,7,22,33,10,23,144,39,105
E02006835,13,13,19,8,11,18,8,10,84,31,53
E02006836,22,45,41,18,23,36,16,20,286,82,204
E02006837,16,29,72,27,45,63,18,45,341,130,211
E02006838,28,17,54,23,31,47,21,26,219,71,148
E02006839,23,29,32,11,21,48,16,32,320,101,219
E02006840,36,55,63,29,34,55,21,34,364,122,242
E02006841,14,12,18,5,13,23,9,14,93,30,63
E02006842,11,16,25,6,19,24,7,17,109,27,82
E02006843,0,0,2,2,0,3,2,1,9,3,6
E02006844,2,2,5,0,5,5,2,3,37,18,19
E02006845,9,15,22,13,9,20,5,15,165,57,108
E02006846,1,7,9,6,3,5,2,3,32,11,21
E02006847,2,1,2,2,0,2,0,2,13,6,7
E02006848,4,4,6,2,4,5,4,1,11,5,6
E02006849,1,5,8,4,4,5,3,2,18,8,10
E02006850,5,3,5,3,2,12,4,8,60,18,42
E02006851,0,0,1,1,0,0,0,0,5,3,2
E02006852,21,36,49,17,32,38,9,29,219,79,140
E02006853,3,4,7,4,3,9,1,8,22,5,17
E02006854,2,2,1,1,0,2,2,0,3,0,3
E02006855,5,17,17,6,11,26,15,11,119,34,85
E02006856,26,38,53,17,36,47,11,36,315,73,242
E02006857,23,45,48,19,29,64,23,41,307,101,206
E02006858,12,12,20,10,10,16,11,5,68,33,35
E02006859,1,1,4,2,2,1,0,1,10,6,4
E02006860,19,22,29,10,19,35,14,21,188,51,137
E02006861,6,9,20,4,16,21,5,16,103,33,70
E02006862,7,15,14,5,9,10,2,8,49,13,36
E02006863,3,5,8,4,4,3,1,2,34,8,26
E02006864,26,37,29,11,18,45,18,27,222,76,146
E02006865,22,27,40,13,27,37,18,19,243,75,168
E02006866,15,18,39,21,18,28,10,18,216,70,146
E02006867,18,27,42,17,25,37,16,21,220,78,142
E02006868,18,19,35,12,23,27,15,12,155,55,100
E02006869,22,31,54,13,41,69,21,48,380,131,249
E02006870,34,54,91,37,54,60,25,35,409,149,260
E02006871,33,35,70,30,40,58,24,34,329,108,221
E02006872,24,42,74,30,44,61,24,37,332,105,227
E02006873,2,2,5,2,3,8,3,5,38,12,26
E02006874,10,19,25,8,17,24,7,17,113,39,74
E02006875,0,1,0,0,0,1,1,0,2,1,1
E02006876,7,13,19,6,13,17,8,9,135,44,91
E02006877,17,24,28,14,14,19,9,10,164,47,117
E02006878,3,4,13,2,11,7,3,4,73,19,54
E02006879,9,35,38,17,21,31,9,22,167,51,116
E02006880,8,43,47,16,31,48,16,32,462,113,349
E02006881,26,29,37,14,23,60,25,35,257,92,165
E02006882,18,26,46,20,26,36,19,17,215,77,138
E02006883,11,32,57,19,38,42,12,30,403,110,293
E02006884,18,36,42,21,21,62,18,44,241,86,155
E02006885,23,29,55,21,34,49,17,32,394,137,257
E02006886,16,32,57,28,29,61,24,37,250,97,153
E02006887,7,10,10,8,2,10,2,8,57,22,35
E02006888,8,10,15,8,7,24,9,15,59,18,41
E02006889,10,8,11,5,6,16,6,10,85,25,60
E02006890,6,8,17,8,9,9,6,3,84,29,55
E02006891,14,22,33,14,19,22,7,15,181,63,118
E02006892,24,35,54,20,34,38,9,29,256,90,166
E02006893,32,49,66,30,36,75,27,48,278,102,176
E02006894,23,24,44,17,27,45,16,29,269,92,177
E02006895,9,6,15,6,9,11,6,5,67,16,51
E02006896,3,5,7,4,3,4,3,1,21,9,12
E02006897,3,6,8,4,4,7,5,2,44,16,28
E02006898,2,5,10,4,6,3,1,2,24,9,15
E02006899,2,1,6,3,3,1,0,1,8,1,7
E02006900,14,16,29,12,17,28,14,14,86,35,51
E02006901,14,11,24,8,16,23,8,15,105,42,63
E02006902,4,1,8,1,7,4,3,1,11,5,6
E02006903,30,50,58,23,35,73,25,48,322,107,215
E02006904,0,1,7,3,4,8,1,7,19,7,12
E02006905,6,14,11,7,4,20,3,17,93,33,60
E02006906,16,43,52,21,31,43,16,27,231,99,132
E02006907,4,12,38,14,24,23,9,14,209,49,160
E02006908,16,13,20,4,16,12,8,4,143,31,112
E02006909,19,35,42,18,24,58,29,29,250,82,168
E02006910,20,35,36,8,28,38,20,18,218,86,132
E02006911,23,35,69,24,45,69,19,50,307,109,198
E02006912,6,9,7,2,5,6,0,6,37,10,27
E02006913,4,3,13,4,9,6,2,4,26,10,16
E02006914,0,0,0,0,0,1,1,0,7,3,4
E02006915,6,9,8,2,6,6,3,3,27,8,19
E02006916,3,3,5,1,4,8,5,3,26,14,12
E02006917,1,1,0,0,0,2,2,0,6,2,4
E02006918,8,4,2,1,1,4,3,1,42,14,28
E02006919,9,17,28,9,19,15,2,13,130,33,97
E02006920,6,8,14,2,12,13,7,6,70,23,47
E02006921,9,6,11,5,6,8,4,4,48,12,36
E02006922,33,42,54,19,35,56,26,30,355,131,224
E02006924,18,24,35,12,23,39,17,22,275,94,181
E02006925,23,28,53,18,35,51,23,28,244,94,150
E02006926,7,4,11,3,8,6,2,4,34,11,23
E02006927,13,24,33,12,21,28,13,15,200,58,142
E02006928,2,2,4,1,3,4,3,1,23,12,11
E02006929,10,9,29,14,15,14,2,12,79,21,58
E02006930,2,10,10,5,5,11,1,10,56,17,39
E02006931,10,13,26,6,20,12,2,10,159,51,108
E02006932,4,2,4,3,1,2,0,2,28,9,19
E02006933,0,3,3,1,2,1,0,1,27,11,16
E02006934,0,0,1,1,0,0,0,0,2,1,1
W02000001,19,28,33,12,21,41,21,20,215,68,147
W02000002,17,33,55,20,35,42,14,28,214,77,137
W02000003,20,29,58,15,43,43,13,30,211,72,139
W02000004,23,23,47,18,29,44,14,30,245,73,172
W02000005,24,42,67,25,42,60,22,38,332,95,237
W02000006,20,22,37,13,24,33,15,18,169,50,119
W02000007,11,22,38,13,25,33,16,17,182,56,126
W02000008,18,20,45,15,30,54,19,35,257,79,178
W02000009,20,30,41,14,27,38,17,21,201,58,143
W02000010,8,14,21,3,18,24,8,16,161,37,124
W02000011,23,21,35,14,21,55,18,37,165,52,113
W02000012,12,15,31,9,22,27,8,19,146,47,99
W02000013,13,20,27,13,14,26,12,14,134,32,102
W02000014,13,22,20,7,13,32,11,21,155,37,118
W02000015,14,25,39,12,27,40,19,21,206,59,147
W02000016,15,25,40,21,19,38,13,25,208,62,146
W02000017,17,28,40,18,22,40,16,24,166,49,117
W02000018,28,28,37,14,23,30,13,17,155,46,109
W02000019,17,40,52,19,33,41,16,25,285,97,188
W02000020,19,28,46,19,27,39,15,24,221,77,144
W02000021,25,37,54,19,35,52,24,28,255,77,178
W02000022,25,27,42,19,23,35,16,19,221,68,153
W02000023,26,35,46,17,29,54,20,34,227,90,137
W02000024,7,16,33,17,16,31,10,21,155,57,98
W02000025,23,32,37,13,24,38,13,25,238,74,164
W02000026,35,43,68,30,38,50,16,34,347,115,232
W02000027,24,36,76,26,50,72,24,48,450,132,318
W02000028,17,36,54,25,29,55,20,35,272,79,193
W02000029,21,34,50,15,35,57,19,38,352,109,243
W02000030,22,58,77,26,51,85,26,59,434,117,317
W02000031,20,35,57,26,31,53,27,26,241,91,150
W02000032,37,61,75,33,42,58,28,30,348,117,231
W02000033,11,32,28,15,13,44,11,33,265,79,186
W02000034,18,23,44,13,31,35,11,24,294,109,185
W02000035,22,18,38,11,27,37,15,22,185,49,136
W02000036,56,66,101,44,57,85,38,47,502,173,329
W02000037,12,24,43,18,25,40,14,26,141,47,94
W02000038,21,18,33,15,18,33,9,24,147,57,90
W02000039,20,30,51,13,38,41,17,24,218,65,153
W02000040,13,21,38,18,20,37,17,20,198,81,117
W02000041,26,22,46,22,24,40,16,24,228,64,164
W02000042,18,21,28,13,15,30,11,19,204,72,132
W02000043,18,20,35,10,25,41,17,24,182,71,111
W02000044,20,28,39,13,26,33,10,23,199,71,128
W02000045,17,29,53,22,31,49,14,35,210,72,138
W02000047,7,9,17,8,9,10,5,5,65,17,48
W02000049,9,17,26,11,15,23,11,12,133,49,84
W02000050,24,23,28,10,18,30,13,17,146,51,95
W02000051,15,25,31,16,15,27,12,15,211,61,150
W02000052,10,13,22,9,13,22,7,15,103,34,69
W02000053,9,13,32,15,17,27,12,15,186,57,129
W02000054,15,17,36,17,19,30,13,17,148,56,92
W02000055,17,21,34,17,17,37,17,20,212,71,141
W02000056,16,9,29,16,13,23,8,15,85,32,53
W02000057,10,20,45,23,22,46,19,27,243,65,178
W02000058,12,14,37,14,23,21,11,10,98,44,54
W02000059,15,17,23,7,16,17,5,12,120,42,78
W02000060,16,34,35,16,19,33,9,24,187,69,118
W02000061,21,31,37,14,23,36,11,25,186,69,117
W02000062,9,11,14,4,10,16,9,7,140,39,101
W02000063,26,20,39,18,21,35,19,16,174,63,111
W02000064,9,9,28,13,15,11,5,6,86,32,54
W02000065,11,17,28,11,17,20,8,12,111,42,69
W02000066,16,24,44,12,32,29,11,18,218,71,147
W02000067,15,18,23,13,10,19,11,8,86,25,61
W02000068,18,16,20,10,10,15,6,9,87,28,59
W02000069,15,22,26,17,9,12,6,6,107,39,68
W02000070,12,20,38,16,22,24,9,15,219,65,154
W02000071,14,23,32,15,17,23,10,13,152,51,101
W02000072,23,30,28,13,15,34,6,28,190,70,120
W02000073,23,32,47,25,22,55,17,38,293,87,206
W02000074,18,21,41,19,22,34,12,22,258,82,176
W02000075,11,9,16,7,9,16,7,9,97,36,61
W02000076,11,23,38,21,17,49,19,30,164,58,106
W02000077,20,21,36,17,19,22,10,12,180,54,126
W02000080,14,20,25,9,16,28,12,16,96,34,62
W02000081,9,7,21,6,15,15,6,9,124,39,85
W02000082,10,14,30,14,16,21,8,13,109,31,78
W02000083,12,11,32,14,18,34,16,18,175,49,126
W02000084,15,13,33,12,21,33,15,18,111,44,67
W02000085,27,41,69,31,38,51,22,29,267,69,198
W02000086,18,26,29,9,20,33,9,24,172,51,121
W02000087,13,12,24,13,11,32,16,16,109,38,71
W02000088,14,16,34,13,21,37,16,21,165,41,124
W02000089,13,10,24,14,10,27,5,22,141,45,96
W02000090,14,11,20,12,8,15,4,11,94,37,57
W02000091,14,25,23,11,12,32,18,14,119,43,76
W02000092,14,21,41,13,28,24,2,22,208,52,156
W02000093,11,21,26,11,15,28,10,18,105,42,63
W02000094,11,20,36,15,21,36,15,21,185,51,134
W02000095,17,23,31,13,18,22,10,12,149,51,98
W02000096,22,23,35,14,21,24,11,13,164,59,105
W02000097,33,35,49,25,24,37,15,22,275,98,177
W02000098,12,17,33,13,20,39,11,28,172,65,107
W02000099,17,35,37,16,21,40,12,28,277,92,185
W02000100,17,16,38,15,23,31,10,21,192,63,129
W02000101,19,17,35,15,20,23,9,14,132,47,85
W02000102,13,16,25,8,17,37,24,13,140,59,81
W02000103,19,14,36,17,19,29,15,14,151,63,88
W02000104,12,22,26,8,18,32,15,17,179,64,115
W02000105,8,5,15,6,9,16,6,10,100,31,69
W02000106,26,24,37,17,20,45,20,25,197,73,124
W02000107,36,40,71,30,41,69,29,40,301,108,193
W02000108,27,23,38,13,25,47,19,28,254,99,155
W02000109,17,28,43,18,25,35,13,22,206,60,146
W02000110,17,20,44,24,20,31,7,24,210,73,137
W02000111,21,21,52,20,32,46,21,25,256,79,177
W02000113,20,25,47,14,33,55,18,37,293,89,204
W02000114,22,25,32,14,18,40,17,23,223,70,153
W02000116,24,17,40,20,20,45,20,25,205,64,141
W02000117,11,11,28,12,16,32,15,17,188,61,127
W02000118,16,17,28,11,17,34,12,22,150,47,103
W02000120,23,31,48,17,31,41,14,27,225,76,149
W02000122,20,26,40,22,18,29,14,15,185,60,125
W02000123,26,31,34,15,19,41,18,23,221,68,153
W02000124,24,38,64,25,39,64,21,43,350,124,226
W02000125,25,26,34,14,20,42,15,27,242,81,161
W02000126,23,35,38,20,18,39,16,23,203,74,129
W02000127,38,42,63,29,34,55,24,31,357,110,247
W02000128,15,24,25,16,9,40,10,30,192,63,129
W02000129,18,35,38,15,23,43,14,29,180,58,122
W02000130,13,22,21,13,8,28,10,18,103,34,69
W02000131,17,25,39,13,26,42,11,31,228,73,155
W02000132,15,29,52,13,39,32,14,18,256,82,174
W02000133,22,32,35,10,25,36,11,25,266,80,186
W02000134,16,24,42,23,19,40,21,19,167,51,116
W02000135,19,16,36,17,19,35,13,22,159,49,110
W02000136,29,39,64,31,33,51,21,30,303,109,194
W02000137,18,21,38,16,22,32,15,17,150,62,88
W02000138,22,23,39,16,23,39,13,26,180,52,128
W02000139,26,28,40,20,20,43,16,27,220,81,139
W02000140,24,22,29,16,13,27,12,15,192,51,141
W02000141,20,28,34,15,19,44,18,26,310,97,213
W02000142,23,14,28,10,18,21,9,12,180,58,122
W02000143,17,33,35,13,22,42,14,28,177,65,112
W02000144,17,29,49,17,32,40,19,21,189,66,123
W02000145,19,24,32,13,19,36,17,19,241,75,166
W02000146,15,16,28,10,18,42,19,23,140,49,91
W02000147,14,26,44,18,26,38,18,20,197,77,120
W02000148,16,15,33,19,14,24,11,13,147,52,95
W02000149,22,37,50,19,31,46,13,33,284,81,203
W02000151,14,24,30,16,14,32,11,21,205,67,138
W02000152,23,35,56,19,37,52,21,31,291,85,206
W02000153,23,44,57,25,32,48,28,20,214,73,141
W02000154,19,27,46,19,27,37,9,28,208,52,156
W02000156,14,29,31,12,19,42,17,25,177,65,112
W02000157,14,37,47,17,30,46,21,25,230,76,154
W02000158,7,14,21,7,14,32,14,18,121,35,86
W02000159,11,18,33,14,19,24,6,18,142,41,101
W02000160,25,13,24,9,15,32,10,22,170,59,111
W02000161,4,22,37,4,33,34,11,23,204,65,139
W02000162,29,26,54,22,32,53,24,29,303,98,205
W02000163,21,24,48,22,26,38,20,18,180,51,129
W02000164,26,28,42,14,28,37,15,22,257,85,172
W02000165,10,19,35,11,24,41,11,30,190,55,135
W02000166,14,20,41,14,27,37,13,24,192,60,132
W02000167,18,23,47,15,32,29,9,20,207,47,160
W02000168,18,25,24,8,16,25,13,12,192,71,121
W02000169,12,22,49,20,29,42,18,24,213,58,155
W02000170,12,26,34,13,21,38,13,25,182,59,123
W02000171,7,13,28,11,17,19,10,9,133,54,79
W02000172,17,31,49,23,26,41,17,24,236,67,169
W02000173,13,11,16,5,11,20,7,13,85,26,59
W02000174,19,26,37,18,19,46,19,27,202,66,136
W02000175,14,27,30,10,20,32,19,13,146,42,104
W02000176,19,32,45,17,28,48,13,35,239,84,155
W02000177,8,12,27,11,16,20,5,15,65,23,42
W02000178,7,24,25,13,12,18,7,11,109,37,72
W02000179,14,22,40,18,22,36,17,19,175,62,113
W02000180,10,18,25,9,16,31,9,22,175,53,122
W02000181,14,12,28,13,15,32,13,19,164,40,124
W02000182,13,32,26,7,19,30,12,18,183,59,124
W02000183,11,21,40,13,27,31,10,21,140,43,97
W02000184,14,28,32,9,23,29,13,16,170,53,117
W02000185,21,17,21,9,12,24,8,16,137,50,87
W02000186,7,13,33,12,21,22,6,16,101,43,58
W02000187,17,14,33,15,18,26,11,15,110,46,64
W02000188,14,18,22,10,12,23,13,10,122,54,68
W02000189,23,40,80,28,52,64,21,43,368,91,277
W02000190,16,17,40,16,24,24,12,12,141,49,92
W02000191,15,23,40,12,28,31,14,17,215,73,142
W02000192,9,28,31,13,18,21,10,11,136,49,87
W02000193,18,14,37,17,20,34,13,21,175,50,125
W02000194,26,25,42,13,29,39,14,25,238,95,143
W02000195,32,38,56,24,32,48,19,29,286,97,189
W02000196,20,31,60,24,36,58,19,39,309,103,206
W02000197,18,16,47,21,26,48,22,26,239,76,163
W02000198,30,34,72,24,48,47,18,29,369,128,241
W02000200,14,11,18,8,10,22,11,11,97,22,75
W02000201,22,13,26,14,12,30,13,17,154,48,106
W02000202,20,28,46,19,27,57,24,33,315,97,218
W02000203,12,17,38,19,19,27,7,20,162,41,121
W02000204,20,21,31,11,20,28,9,19,173,60,113
W02000205,11,18,34,14,20,22,9,13,129,45,84
W02000206,20,26,65,22,43,47,14,33,245,69,176
W02000207,13,13,15,4,11,16,11,5,128,36,92
W02000208,16,29,43,18,25,48,14,34,248,75,173
W02000209,8,19,11,4,7,23,8,15,104,30,74
W02000210,16,21,34,15,19,25,9,16,113,32,81
W02000211,18,23,42,13,29,34,10,24,194,60,134
W02000212,13,22,43,21,22,30,8,22,169,49,120
W02000213,22,39,49,22,27,45,22,23,181,67,114
W02000214,30,54,67,25,42,52,20,32,270,95,175
W02000215,23,28,45,22,23,38,15,23,238,76,162
W02000216,7,20,28,7,21,34,10,24,202,57,145
W02000217,10,10,29,9,20,17,6,11,120,35,85
W02000218,10,18,22,9,13,17,8,9,98,33,65
W02000219,17,21,31,12,19,33,16,17,138,42,96
W02000220,18,24,19,8,11,25,10,15,133,51,82
W02000221,14,17,31,11,20,21,11,10,117,51,66
W02000222,13,12,25,8,17,27,13,14,117,44,73
W02000223,8,15,15,11,4,26,11,15,101,26,75
W02000224,6,11,15,5,10,22,5,17,64,20,44
W02000225,25,18,30,20,10,26,6,20,161,54,107
W02000226,19,28,27,14,13,33,15,18,183,69,114
W02000227,17,17,21,8,13,31,10,21,139,49,90
W02000228,15,18,19,10,9,35,13,22,155,53,102
W02000229,15,22,32,14,18,26,9,17,155,48,107
W02000230,16,20,24,10,14,34,13,21,126,42,84
W02000231,11,25,32,10,22,36,12,24,210,79,131
W02000232,8,10,14,7,7,16,7,9,112,21,91
W02000233,4,13,13,4,9,8,2,6,77,23,54
W02000234,11,23,42,18,24,39,13,26,184,60,124
W02000235,41,40,83,30,53,62,22,40,501,154,347
W02000236,13,47,33,14,19,52,16,36,269,70,199
W02000237,21,18,22,10,12,19,9,10,113,38,75
W02000238,14,25,45,24,21,27,8,19,242,79,163
W02000239,14,14,33,10,23,38,18,20,130,49,81
W02000240,14,33,36,10,26,45,15,30,216,60,156
W02000241,28,36,57,20,37,61,23,38,446,120,326
W02000242,17,34,41,14,27,56,20,36,244,89,155
W02000243,16,25,36,8,28,37,16,21,163,61,102
W02000244,19,35,64,35,29,59,23,36,307,109,198
W02000245,10,8,14,5,9,22,11,11,86,26,60
W02000246,11,18,30,12,18,30,9,21,111,29,82
W02000247,25,28,38,18,20,31,20,11,196,75,121
W02000248,10,23,35,17,18,27,11,16,129,36,93
W02000249,11,31,37,10,27,51,15,36,388,114,274
W02000250,24,22,40,18,22,27,11,16,158,54,104
W02000251,21,35,41,12,29,33,13,20,224,64,160
W02000252,15,22,27,17,10,34,17,17,163,44,119
W02000253,13,25,28,12,16,34,14,20,221,54,167
W02000254,16,27,32,16,16,38,11,27,216,47,169
W02000255,10,23,29,7,22,28,12,16,150,44,106
W02000256,12,22,38,11,27,41,18,23,186,55,131
W02000257,12,23,46,10,36,29,12,17,218,59,159
W02000258,7,21,33,11,22,31,13,18,166,51,115
W02000259,9,12,21,14,7,13,3,10,84,27,57
W02000260,9,16,22,8,14,21,6,15,144,43,101
W02000261,20,28,41,18,23,41,18,23,212,72,140
W02000262,8,19,14,3,11,30,16,14,151,42,109
W02000263,7,14,22,6,16,24,8,16,111,33,78
W02000264,9,10,9,3,6,12,4,8,111,35,76
W02000265,16,35,53,21,32,53,26,27,239,68,171
W02000266,8,17,19,7,12,22,7,15,126,39,87
W02000267,9,14,35,18,17,27,6,21,144,51,93
W02000268,26,21,44,19,25,42,13,29,261,68,193
W02000269,21,15,38,20,18,33,11,22,225,55,170
W02000270,16,23,41,17,24,37,11,26,184,61,123
W02000271,8,15,26,8,18,22,9,13,128,34,94
W02000272,24,40,57,25,32,48,20,28,260,77,183
W02000273,13,15,28,8,20,21,6,15,134,37,97
W02000274,16,16,27,4,23,33,13,20,154,37,117
W02000275,13,10,22,9,13,21,4,17,117,37,80
W02000276,10,17,36,20,16,31,7,24,138,50,88
W02000277,14,27,33,15,18,34,19,15,220,73,147
W02000278,14,14,20,11,9,13,5,8,107,29,78
W02000279,11,14,23,7,16,25,10,15,68,23,45
W02000280,15,17,21,7,14,14,6,8,103,44,59
W02000281,19,20,34,16,18,32,13,19,167,59,108
W02000282,24,16,35,14,21,30,10,20,151,56,95
W02000284,19,24,38,8,30,34,10,24,200,76,124
W02000285,21,35,35,19,16,25,8,17,186,42,144
W02000286,19,21,38,13,25,37,16,21,197,56,141
W02000287,13,15,28,6,22,32,12,20,118,37,81
W02000288,9,23,30,14,16,33,12,21,225,66,159
W02000289,12,20,32,12,20,25,12,13,132,40,92
W02000290,6,22,34,8,26,38,9,29,181,52,129
W02000291,13,12,32,11,21,29,10,19,165,44,121
W02000292,9,20,18,4,14,29,13,16,119,51,68
W02000293,16,13,18,9,9,17,6,11,122,31,91
W02000294,9,13,18,7,11,23,8,15,105,29,76
W02000295,14,19,24,10,14,32,15,17,176,49,127
W02000296,13,18,26,6,20,14,4,10,120,38,82
W02000297,13,7,22,11,11,18,10,8,98,28,70
W02000298,15,30,17,7,10,32,14,18,132,39,93
W02000299,9,18,33,12,21,50,22,28,183,63,120
W02000300,16,25,36,17,19,31,14,17,255,86,169
W02000301,18,23,26,10,16,30,14,16,151,34,117
W02000302,17,20,38,10,28,51,25,26,193,52,141
W02000303,15,13,22,11,11,28,9,19,128,36,92
W02000304,6,24,32,11,21,26,12,14,138,33,105
W02000305,7,9,24,13,11,14,5,9,86,20,66
W02000306,8,28,20,11,9,28,10,18,161,43,118
W02000307,10,10,17,9,8,18,7,11,92,27,65
W02000308,14,25,17,8,9,26,12,14,93,30,63
W02000309,16,18,29,12,17,27,10,17,157,58,99
W02000310,11,9,18,11,7,16,2,14,67,21,46
W02000311,7,18,23,4,19,21,8,13,124,33,91
W02000312,19,22,31,8,23,36,15,21,151,52,99
W02000313,20,25,41,16,25,37,18,19,211,65,146
W02000314,16,13,24,10,14,21,13,8,156,46,110
W02000315,16,12,37,12,25,25,7,18,180,50,130
W02000316,13,18,26,13,13,33,14,19,123,40,83
W02000317,8,18,32,13,19,31,14,17,150,35,115
W02000318,17,24,42,13,29,24,7,17,142,38,104
W02000319,12,25,33,10,23,37,15,22,189,65,124
W02000320,11,22,39,16,23,40,18,22,173,45,128
W02000321,17,29,34,11,23,37,16,21,237,71,166
W02000322,13,13,24,7,17,29,12,17,147,39,108
W02000323,12,10,28,11,17,21,7,14,155,46,109
W02000324,14,17,19,10,9,30,9,21,142,41,101
W02000325,8,22,20,8,12,15,10,5,127,41,86
W02000326,9,28,41,14,27,44,16,28,220,72,148
W02000327,14,24,34,17,17,45,23,22,160,42,118
W02000328,14,23,28,15,13,36,10,26,190,68,122
W02000329,12,18,38,15,23,38,15,23,182,58,124
W02000330,24,32,69,32,37,64,27,37,251,85,166
W02000331,7,12,27,11,16,20,7,13,93,37,56
W02000332,19,19,43,17,26,25,7,18,200,60,140
W02000333,15,10,18,4,14,19,9,10,102,27,75
W02000334,8,12,24,7,17,22,7,15,70,25,45
W02000335,14,26,46,19,27,57,23,34,266,80,186
W02000336,18,32,52,20,32,48,22,26,342,104,238
W02000337,10,22,45,19,26,34,16,18,221,64,157
W02000338,22,29,52,25,27,62,20,42,212,81,131
W02000339,37,35,56,22,34,59,24,35,410,136,274
W02000340,20,22,36,16,20,30,12,18,206,68,138
W02000341,20,29,35,18,17,40,13,27,222,74,148
W02000342,25,23,61,24,37,52,21,31,244,88,156
W02000343,15,28,46,17,29,53,13,40,214,56,158
W02000344,18,13,28,10,18,29,10,19,156,49,107
W02000345,17,34,52,17,35,38,18,20,223,77,146
W02000346,9,19,42,18,24,23,13,10,127,42,85
W02000347,16,30,50,23,27,40,14,26,248,73,175
W02000348,12,24,39,18,21,48,20,28,222,65,157
W02000349,14,4,17,7,10,19,8,11,92,24,68
W02000350,23,20,35,7,28,32,18,14,139,64,75
W02000351,13,14,29,12,17,53,20,33,224,78,146
W02000352,11,20,19,7,12,30,10,20,128,32,96
W02000353,13,22,16,5,11,20,6,14,141,55,86
W02000354,17,21,45,17,28,33,20,13,179,56,123
W02000355,17,29,26,14,12,39,18,21,237,68,169
W02000356,15,8,41,21,20,22,14,8,98,30,68
W02000357,22,21,30,10,20,33,13,20,124,34,90
W02000358,14,26,47,20,27,49,22,27,215,68,147
W02000359,8,9,19,8,11,26,13,13,69,19,50
W02000360,14,13,19,3,16,25,10,15,174,51,123
W02000361,14,18,37,19,18,33,17,16,142,53,89
W02000362,16,21,29,13,16,23,6,17,139,45,94
W02000363,16,23,44,19,25,40,13,27,272,83,189
W02000364,5,17,18,10,8,14,9,5,114,38,76
W02000365,6,11,20,16,4,17,5,12,106,34,72
W02000366,10,14,21,12,9,21,10,11,85,36,49
W02000367,22,17,35,15,20,27,8,19,222,74,148
W02000368,5,13,22,9,13,11,6,5,63,28,35
W02000369,4,4,10,6,4,7,4,3,50,20,30
W02000370,32,43,70,30,40,66,35,31,365,138,227
W02000371,20,37,45,13,32,62,22,40,345,104,241
W02000372,9,15,18,10,8,26,11,15,144,45,99
W02000373,12,22,37,13,24,36,13,23,113,42,71
W02000374,19,26,46,19,27,35,9,26,183,68,115
W02000375,5,9,12,6,6,11,3,8,103,29,74
W02000376,14,23,29,12,17,31,8,23,194,70,124
W02000377,8,9,16,9,7,10,2,8,89,22,67
W02000378,31,33,55,20,35,46,23,23,239,95,144
W02000379,5,2,12,8,4,6,3,3,70,19,51
W02000380,6,10,19,8,11,24,11,13,129,36,93
W02000381,14,40,49,14,35,46,22,24,200,73,127
W02000382,16,15,26,11,15,13,3,10,146,37,109
W02000383,10,12,18,7,11,9,2,7,55,20,35
W02000384,15,25,35,17,18,25,10,15,171,53,118
W02000385,19,30,23,7,16,41,17,24,237,73,164
W02000386,31,39,46,19,27,49,19,30,278,86,192
W02000387,13,17,36,15,21,27,5,22,153,60,93
W02000388,14,25,26,11,15,33,18,15,171,55,116
W02000389,16,14,20,6,14,26,10,16,189,53,136
W02000390,19,35,55,21,34,39,13,26,241,72,169
W02000391,7,12,14,5,9,17,8,9,92,30,62
W02000392,24,36,32,13,19,40,10,30,240,62,178
W02000393,8,27,26,10,16,30,8,22,141,52,89
W02000394,7,6,17,9,8,15,7,8,118,40,78
W02000395,12,10,17,6,11,25,6,19,128,37,91
W02000396,3,6,12,4,8,8,4,4,60,23,37
W02000397,15,27,38,11,27,28,12,16,193,55,138
W02000398,1,6,18,9,9,17,3,14,75,21,54
W02000399,5,21,33,8,25,27,9,18,141,40,101
W02000400,8,13,19,5,14,21,11,10,155,41,114
W02000401,4,17,29,10,19,16,6,10,122,44,78
W02000402,9,8,18,9,9,19,5,14,77,31,46
W02000403,14,13,7,2,5,8,4,4,85,28,57
W02000404,8,13,20,5,15,24,11,13,63,21,42
W02000405,5,15,22,11,11,20,8,12,80,28,52
W02000406,18,19,37,15,22,24,5,19,192,52,140
W02000407,11,15,15,3,12,24,6,18,161,46,115
W02000408,9,14,15,7,8,9,4,5,88,36,52
W02000409,3,17,15,9,6,14,4,10,103,41,62
W02000410,11,4,17,8,9,17,8,9,89,34,55
W02000411,3,13,23,14,9,25,6,19,105,31,74
W02000412,10,17,17,6,11,20,7,13,89,39,50
W02000414,10,17,36,15,21,31,9,22,152,56,96
W02000415,18,26,38,13,25,29,9,20,126,35,91
W02000416,19,31,53,20,33,56,21,35,378,108,270
W02000417,18,24,48,19,29,42,17,25,210,56,154
W02000418,36,30,65,27,38,56,25,31,336,112,224
W02000419,20,47,67,31,36,54,20,34,256,99,157
W02000420,39,31,78,33,45,59,23,36,384,117,267
W02000421,28,45,70,31,39,63,23,40,370,119,251
W02000422,0,0,3,1,2,2,0,2,4,3,1
W02000423,9,6,28,8,20,20,11,9,147,62,85
